90
180
528
563
485
431
562
439
521
411
537
390
443
478
407
452
559
576
544
431
418
532
454
529
481
448
541
526
391
411
540
582
442
419
531
473
445
527
515
417
578
483
543
496
404
422
453
412
454
415
419
545
408
529
418
444
502
541
568
414
487
554
451
462
530
487
409
389
475
475
389
405
512
483
566
554
427
396
542
397
443
452
429
457
538
561
426
567
551
397
507
1307
41	41
649	649
740	740
107	107
78	78
44	44
595	595
181	181
393	393
808	808
135	135
690	690
821	821
244	244
318	318
73	73
531	531
350	350
529	529
889	889
427	427
26	26
490	490
366	366
180	180
938	938
367	367
290	290
95	95
796	796
397	397
237	237
381	381
223	223
353	353
767	767
247	247
207	207
134	134
868	868
661	661
395	395
381	381
595	595
210	210
584	584
715	715
878	878
301	301
354	354
715	715
719	719
677	677
562	562
225	225
747	747
991	991
622	622
833	833
790	790
938	938
68	68
132	132
436	436
39	39
470	470
940	940
946	946
284	284
349	349
254	254
306	306
885	885
193	193
150	150
215	215
527	527
834	834
587	587
716	716
697	697
673	673
437	437
89	89
797	797
677	677
620	620
434	434
288	288
699	699
470	470
545	545
129	129
709	709
307	307
270	270
566	566
899	899
476	476
973	973
646	646
288	288
643	643
755	755
99	99
132	132
48	48
40	40
370	370
635	635
800	800
287	287
611	611
866	866
956	956
171	171
699	699
767	767
23	23
748	748
786	786
754	754
856	856
487	487
281	281
168	168
981	981
26	26
177	177
260	260
799	799
752	752
833	833
800	800
292	292
873	873
935	935
504	504
386	386
391	391
418	418
326	326
405	405
589	589
488	488
921	921
657	657
656	656
460	460
71	71
848	848
461	461
16	16
799	799
174	174
132	132
10	10
748	748
395	395
289	289
489	489
833	833
475	475
814	814
312	312
646	646
212	212
281	281
707	707
976	976
318	318
43	43
264	264
83	83
865	865
734	734
212	212
395	395
275	275
998	998
