75
225
703
767
629
663
720
759
695
623
691
866
774
829
655
673
793
891
677
722
739
617
691
771
870
774
779
789
625
783
636
778
892
880
654
701
793
764
775
732
875
776
669
715
672
632
849
801
691
694
729
736
616
709
820
617
708
769
866
662
881
621
712
608
665
862
740
775
758
620
820
897
692
685
673
766
2039
769	769
545	545
650	650
124	124
884	884
715	715
550	550
92	92
341	341
450	450
741	741
801	801
360	360
363	363
866	866
26	26
14	14
318	318
349	349
233	233
158	158
878	878
614	614
844	844
598	598
158	158
377	377
887	887
660	660
844	844
618	618
640	640
271	271
675	675
311	311
709	709
341	341
275	275
918	918
41	41
158	158
143	143
517	517
739	739
357	357
721	721
838	838
715	715
924	924
858	858
989	989
165	165
806	806
561	561
298	298
617	617
687	687
269	269
482	482
238	238
494	494
465	465
341	341
17	17
798	798
63	63
410	410
383	383
467	467
201	201
352	352
848	848
55	55
80	80
676	676
918	918
204	204
69	69
834	834
716	716
545	545
599	599
659	659
830	830
160	160
747	747
224	224
893	893
403	403
66	66
203	203
18	18
78	78
496	496
647	647
459	459
653	653
168	168
669	669
377	377
333	333
955	955
899	899
474	474
210	210
724	724
634	634
916	916
981	981
512	512
941	941
423	423
399	399
518	518
915	915
802	802
582	582
560	560
506	506
473	473
634	634
983	983
328	328
974	974
476	476
121	121
89	89
562	562
353	353
236	236
576	576
640	640
703	703
129	129
936	936
478	478
302	302
582	582
568	568
664	664
697	697
361	361
354	354
530	530
261	261
240	240
899	899
672	672
502	502
282	282
562	562
637	637
716	716
194	194
484	484
847	847
607	607
868	868
422	422
274	274
114	114
469	469
116	116
487	487
319	319
694	694
792	792
997	997
313	313
709	709
353	353
928	928
170	170
333	333
288	288
439	439
399	399
283	283
514	514
202	202
36	36
492	492
771	771
251	251
412	412
914	914
734	734
513	513
280	280
468	468
530	530
240	240
256	256
575	575
896	896
61	61
997	997
901	901
34	34
489	489
716	716
76	76
429	429
455	455
185	185
323	323
267	267
975	975
517	517
866	866
290	290
47	47
388	388
85	85
815	815
661	661
907	907
779	779
839	839
817	817
198	198
117	117
453	453
605	605
733	733
