90
180
514
432
489
584
534
606
618
601
587
543
601
580
579
454
459
450
497
548
442
595
516
527
612
593
528
498
573
618
436
609
591
440
455
547
587
571
467
481
502
508
430
452
437
515
482
538
567
481
447
561
426
632
577
471
508
568
452
433
473
587
489
459
563
492
570
529
548
510
539
495
622
460
487
560
578
510
446
581
458
471
525
618
466
458
487
466
565
484
434
1285
474	487
840	751
290	202
667	650
31	26
555	465
313	402
502	414
385	478
128	28
742	798
880	929
432	502
703	675
920	939
620	638
569	470
691	759
889	898
843	755
914	990
987	889
370	303
651	697
500	460
751	785
844	766
704	620
297	239
791	742
124	177
854	802
882	824
271	338
850	922
817	849
962	868
621	584
301	355
59	52
327	384
266	214
143	190
707	786
619	572
847	884
406	341
895	900
297	395
364	435
581	575
721	702
92	12
320	339
854	764
739	820
683	622
452	534
240	143
514	563
817	749
925	866
521	594
99	125
270	279
353	346
216	301
892	964
677	603
251	194
771	838
376	438
366	315
280	304
989	1033
183	150
277	366
116	27
510	489
296	384
709	622
647	740
315	269
180	257
898	841
417	378
338	322
921	869
852	872
670	764
556	488
332	359
994	1029
457	382
711	765
906	824
693	736
890	858
552	454
906	919
752	730
921	945
938	946
190	169
410	494
722	696
248	151
157	219
834	807
182	107
641	640
790	878
789	823
371	336
34	67
972	1017
414	395
263	318
55	119
302	377
808	824
213	158
470	569
270	258
306	305
360	371
408	505
782	755
148	62
57	121
740	782
810	714
697	778
623	578
173	165
818	825
279	290
78	9
805	746
653	601
843	900
682	697
336	386
906	854
286	246
287	369
161	187
79	120
626	546
671	737
741	740
473	561
717	634
564	567
100	92
115	23
579	652
662	670
115	96
814	825
979	1006
319	367
907	1000
78	129
534	547
768	727
171	112
900	808
487	544
285	341
798	886
972	1037
152	222
171	130
632	690
398	413
39	22
116	51
552	472
410	425
