75
375
1519
1318
1128
1340
1380
1347
1106
1386
1221
1105
1357
1105
1103
1028
1343
1456
1195
1318
1504
1232
1156
1274
1176
1033
1494
1214
1233
1305
1373
1206
1182
1433
1432
1323
1343
1283
1475
1390
1354
1225
1369
1308
1170
1094
1527
1335
1095
1105
1446
1429
1285
1243
1129
1443
1384
1442
1062
1349
1323
1304
1514
1128
1128
1281
1223
1517
1341
1341
1234
1258
1160
1026
1329
1065
800
615	655
801	818
419	404
768	842
187	222
517	590
604	635
989	1003
22	72
458	467
977	990
288	291
121	70
856	869
214	114
721	806
765	831
64	164
641	715
458	358
431	472
351	390
534	480
988	1085
986	982
583	512
859	882
127	92
959	894
802	733
774	713
300	208
618	626
14	106
930	882
121	110
447	508
906	909
162	118
626	574
26	62
757	754
46	142
485	397
67	161
453	414
64	112
853	780
650	579
12	16
413	425
848	790
212	299
610	636
538	448
643	728
402	325
803	797
619	562
157	119
680	773
347	360
583	558
501	534
467	417
960	1024
800	821
920	895
809	737
215	128
186	256
948	965
954	1022
578	649
107	78
62	72
275	242
400	443
300	292
302	249
608	654
695	701
598	640
435	414
898	934
706	770
23	27
299	361
856	876
313	358
32	111
645	605
368	434
820	917
700	797
544	556
838	839
629	681
266	257
468	559
635	624
246	214
764	842
159	80
918	1018
12	46
308	360
718	722
901	897
680	765
366	402
691	763
299	350
219	248
424	360
540	484
801	817
731	647
49	65
238	212
660	719
439	394
150	172
446	467
394	389
671	755
157	58
507	559
739	817
543	480
671	741
404	481
628	603
853	851
638	722
349	249
32	129
15	65
593	551
896	948
187	165
585	667
700	672
183	247
51	34
507	448
110	17
768	743
64	158
305	390
862	931
665	729
164	185
728	736
557	529
810	810
400	449
826	733
66	33
226	224
743	719
653	699
932	888
714	684
688	754
754	732
202	146
594	644
825	783
728	724
644	589
329	234
563	517
289	244
753	789
360	427
760	858
806	820
474	501
129	86
595	583
817	869
194	283
395	372
913	936
867	817
587	541
23	117
974	946
880	814
218	303
742	803
804	744
630	661
604	631
487	462
784	702
345	295
848	803
151	182
103	201
267	183
851	810
960	986
244	188
523	584
634	548
775	862
866	946
879	885
514	470
721	630
776	691
219	276
619	711
570	596
744	805
259	349
411	412
930	936
912	844
13	99
573	598
295	378
833	930
359	374
616	526
132	217
913	928
356	451
972	906
873	899
68	51
94	98
128	146
999	985
266	242
376	286
623	618
883	911
232	183
816	884
567	635
754	831
449	519
647	578
30	50
713	651
92	19
113	53
563	610
17	95
512	594
130	126
214	135
541	450
115	215
865	873
141	53
106	59
235	222
557	592
42	121
202	199
826	891
310	222
612	613
473	398
352	433
949	1025
64	75
214	216
975	940
671	697
878	799
619	577
848	754
984	916
58	150
486	388
409	336
470	440
921	988
842	875
339	246
417	360
27	123
241	298
411	345
1000	1073
749	841
498	540
700	768
276	190
583	571
36	6
673	695
746	690
66	66
403	320
835	931
801	749
283	211
345	345
381	347
129	71
674	679
603	598
118	112
357	336
27	124
432	411
482	468
717	701
249	203
815	746
290	199
277	319
463	514
108	159
154	253
608	509
505	579
996	928
1000	1030
675	606
728	737
475	537
651	652
737	786
398	468
153	178
534	478
36	28
826	888
699	688
85	55
817	833
842	907
782	838
687	658
332	421
256	208
696	600
271	348
747	715
747	771
381	448
555	575
813	751
407	474
339	280
787	749
683	718
644	582
305	336
558	528
985	907
460	442
775	851
223	240
43	122
378	348
213	269
466	485
872	901
822	887
141	229
20	70
456	493
119	90
334	257
877	918
565	542
350	442
