150
300
438
584
491
564
511
573
436
416
488
500
410
533
515
431
429
398
508
453
431
456
573
536
410
451
398
553
470
392
493
450
487
430
453
565
407
441
501
564
493
454
535
514
443
463
394
470
463
549
472
569
566
568
551
486
434
408
413
503
576
452
502
446
530
427
425
544
508
471
510
430
518
504
481
409
487
556
533
525
528
444
427
410
522
540
457
407
568
561
552
446
574
421
392
440
492
500
430
518
568
525
562
512
513
414
404
557
429
551
577
510
518
398
448
486
504
543
517
549
437
491
530
461
399
538
412
461
514
473
566
550
430
498
516
395
510
466
419
584
421
425
412
573
404
559
490
402
555
433
444
1233
748	436
492	449
327	456
652	811
257	494
759	365
817	915
221	911
555	124
761	7
720	960
107	232
758	892
261	263
979	998
978	314
511	836
605	801
894	181
443	218
355	280
19	160
786	899
502	739
436	983
613	230
380	115
483	797
725	517
250	701
482	720
928	65
723	611
337	41
234	622
159	166
807	875
865	436
450	130
681	422
545	180
341	585
399	69
651	474
902	508
12	369
419	917
356	522
42	281
159	681
752	947
617	302
689	407
754	137
651	94
11	56
250	805
731	175
256	215
156	535
418	872
755	490
30	683
286	486
463	966
181	184
918	77
20	683
173	532
877	1
151	961
621	680
210	9
223	433
258	697
621	590
681	216
549	313
504	564
184	165
512	386
149	111
31	146
508	308
914	506
940	786
519	114
974	903
715	311
925	743
676	644
930	420
751	446
996	574
950	551
350	174
68	93
437	741
326	740
483	746
173	721
481	508
448	920
685	813
373	529
553	48
757	326
989	220
783	369
300	336
375	851
644	233
366	472
194	147
840	121
562	509
398	562
526	208
320	197
398	833
1000	614
550	548
446	305
937	819
501	553
460	152
730	122
704	8
228	969
126	960
639	307
469	516
438	83
879	718
546	208
986	331
209	814
881	4
773	284
150	460
121	702
139	597
823	3
527	801
560	170
572	765
670	528
957	560
692	637
55	893
383	201
514	548
608	745
348	664
688	718
950	485
160	584
415	272
359	350
275	556
50	185
585	474
794	930
227	608
868	409
963	845
45	872
185	132
539	319
298	31
830	281
69	950
441	567
345	337
62	699
144	626
464	264
836	486
640	176
353	733
110	182
400	712
639	597
310	370
496	816
726	706
15	556
223	785
421	619
412	439
429	570
563	234
226	717
706	762
991	842
662	718
900	571
813	651
68	40
441	959
604	580
272	473
795	647
263	787
782	236
800	482
930	931
205	781
42	690
272	517
287	256
649	684
333	26
188	617
362	9
165	2
298	323
316	211
733	337
326	935
719	50
469	931
872	966
754	307
918	158
40	224
103	657
37	695
629	594
245	816
281	296
351	708
300	54
884	288
202	860
648	610
780	293
923	274
584	76
29	259
583	464
416	914
730	575
569	686
602	386
293	248
538	142
983	997
969	915
582	865
530	200
577	71
888	726
333	486
232	107
172	958
835	482
386	108
440	146
185	2
354	884
399	402
750	769
159	124
849	811
694	590
901	19
678	748
466	475
532	104
872	892
324	899
68	987
619	117
448	560
96	626
615	95
267	558
440	618
106	290
97	319
155	670
463	430
628	177
296	38
20	920
489	712
912	219
75	51
303	278
877	154
491	951
234	699
163	555
150	42
375	334
34	541
708	570
313	65
268	607
