75
375
1193
1282
1474
1291
1086
1508
1516
1168
1146
1413
1295
1215
1509
1177
1165
1179
1117
1269
1040
1146
1339
1164
1352
1432
1028
1290
1079
1090
1493
1526
1530
1257
1023
1029
1139
1420
1351
1283
1518
1022
1138
1490
1125
1062
1317
1154
1418
1190
1067
1040
1461
1252
1139
1124
1497
1130
1439
1088
1053
1057
1074
1532
1349
1501
1244
1237
1096
1460
1380
1104
1200
1040
1483
1476
2865
78	152
347	399
419	370
646	941
244	48
568	498
821	127
876	125
130	273
654	795
646	380
952	503
984	549
276	451
377	137
725	981
178	684
755	318
436	677
98	575
277	202
570	605
634	376
865	120
88	590
108	566
186	930
169	541
767	268
802	728
526	530
216	761
228	115
901	472
570	656
202	235
315	240
19	615
911	139
538	973
609	857
127	321
83	540
474	503
916	19
194	503
204	313
865	619
92	757
746	461
136	307
333	303
972	627
419	781
861	280
686	133
350	884
919	787
888	970
634	558
245	452
864	7
185	494
671	171
61	683
943	447
528	78
765	35
188	659
997	82
777	184
351	920
182	614
480	789
679	892
637	586
841	510
767	497
89	762
770	210
791	635
794	611
994	401
81	864
297	233
613	283
597	145
848	830
481	983
535	102
734	962
638	570
392	505
663	253
494	323
419	168
265	119
225	627
684	388
996	861
96	771
740	947
353	444
428	997
929	367
272	831
185	53
891	135
724	813
753	346
821	530
27	884
987	5
914	727
564	904
313	203
794	603
570	120
967	346
671	968
777	670
689	568
909	715
759	312
317	410
147	337
393	488
236	839
806	535
145	399
576	259
84	546
927	352
849	410
228	794
221	389
566	860
312	696
913	21
890	310
993	336
431	345
482	516
731	152
974	707
723	154
629	446
482	113
579	241
107	450
844	179
862	621
211	577
471	624
885	420
52	208
906	463
849	747
212	381
500	120
197	427
391	296
466	210
785	841
69	328
412	592
402	879
706	127
184	454
86	247
680	646
86	728
622	800
410	942
656	533
615	910
519	662
236	618
724	973
569	769
275	268
560	747
423	253
808	779
202	257
686	558
789	116
152	763
211	649
736	587
742	939
201	331
450	212
315	472
21	377
305	114
328	13
40	388
344	804
473	859
538	819
467	500
805	463
308	83
105	147
44	898
483	247
722	135
908	941
62	465
779	812
954	732
907	651
886	706
431	326
161	52
647	109
361	578
94	766
48	632
110	31
285	346
525	552
706	409
207	849
660	462
428	816
343	118
19	566
870	918
53	754
497	153
671	853
940	320
98	320
814	225
397	635
73	660
619	168
765	721
983	232
150	654
265	444
626	176
127	510
373	800
203	544
223	896
984	685
300	509
975	639
383	87
638	825
502	127
353	158
876	441
425	986
842	186
430	664
89	219
30	299
471	615
53	64
295	889
346	763
397	954
868	450
527	850
935	136
580	524
140	267
925	415
973	607
52	529
39	195
94	663
12	581
885	419
464	434
777	917
56	385
650	254
922	697
212	784
699	863
872	418
556	917
98	363
607	887
549	644
92	439
249	635
722	372
973	61
279	687
907	636
654	142
241	34
998	4
683	804
824	440
520	402
760	285
722	878
710	754
905	51
561	779
265	368
198	752
785	109
421	605
153	341
270	226
965	405
988	979
179	996
457	594
353	323
73	763
267	495
915	665
189	525
268	815
14	501
873	866
11	458
395	421
861	273
303	197
419	40
686	446
142	553
361	189
966	822
560	423
400	855
360	978
213	331
838	59
592	83
716	224
947	493
797	815
976	543
536	911
597	634
776	445
264	610
604	617
479	563
289	322
837	774
721	583
440	828
33	544
156	570
907	172
639	389
205	220
202	368
383	56
351	372
789	928
271	408
632	638
677	233
135	962
536	707
874	734
964	329
273	980
992	521
145	884
724	579
931	746
