75
225
641
776
708
720
697
832
634
670
724
715
803
669
788
834
678
688
806
609
798
807
833
612
617
751
588
781
841
777
754
652
588
627
795
697
813
634
730
836
825
855
751
725
806
845
608
785
630
592
773
760
628
593
640
826
723
716
683
624
644
757
668
653
846
592
824
781
774
831
662
650
733
669
652
773
1114
602	602
61	61
440	440
98	98
408	408
381	381
307	307
678	678
332	332
379	379
26	26
921	921
280	280
456	456
137	137
488	488
434	434
242	242
892	892
776	776
961	961
538	538
827	827
770	770
616	616
745	745
57	57
335	335
507	507
730	730
108	108
108	108
161	161
737	737
532	532
579	579
652	652
661	661
910	910
802	802
229	229
263	263
966	966
656	656
385	385
935	935
329	329
503	503
458	458
284	284
149	149
216	216
288	288
809	809
217	217
374	374
532	532
569	569
123	123
766	766
662	662
315	315
918	918
89	89
97	97
414	414
658	658
144	144
721	721
833	833
552	552
449	449
453	453
21	21
705	705
148	148
283	283
85	85
841	841
362	362
642	642
306	306
465	465
158	158
279	279
837	837
580	580
775	775
787	787
765	765
472	472
998	998
355	355
594	594
807	807
12	12
35	35
281	281
350	350
67	67
832	832
120	120
448	448
872	872
226	226
144	144
152	152
298	298
510	510
525	525
699	699
151	151
132	132
423	423
961	961
273	273
869	869
155	155
139	139
103	103
518	518
284	284
79	79
920	920
434	434
865	865
233	233
209	209
491	491
241	241
429	429
594	594
639	639
87	87
456	456
843	843
583	583
757	757
979	979
915	915
779	779
210	210
479	479
320	320
750	750
325	325
919	919
392	392
309	309
312	312
386	386
748	748
679	679
492	492
602	602
327	327
663	663
652	652
883	883
257	257
629	629
759	759
428	428
817	817
951	951
221	221
929	929
555	555
349	349
761	761
133	133
720	720
239	239
107	107
394	394
758	758
189	189
261	261
452	452
979	979
52	52
978	978
602	602
511	511
872	872
605	605
26	26
894	894
307	307
443	443
308	308
355	355
568	568
19	19
241	241
786	786
34	34
502	502
865	865
436	436
100	100
613	613
473	473
380	380
124	124
483	483
31	31
725	725
733	733
250	250
890	890
482	482
990	990
928	928
299	299
723	723
728	728
337	337
140	140
234	234
910	910
159	159
391	391
807	807
992	992
