90
180
501
467
451
455
627
464
460
480
444
548
623
471
556
596
526
604
492
586
542
456
517
491
561
605
532
574
483
524
473
561
445
492
495
491
442
541
514
636
639
518
483
540
551
542
442
599
584
597
593
448
468
558
448
580
608
540
436
515
571
532
565
465
640
530
485
523
636
525
577
619
451
454
481
571
528
452
553
511
539
569
469
527
487
620
518
565
470
518
548
1443
880	880
372	372
829	829
355	355
440	440
330	330
791	791
357	357
75	75
690	690
999	999
911	911
496	496
388	388
659	659
102	102
99	99
627	627
624	624
434	434
615	615
905	905
376	376
858	858
525	525
174	174
769	769
748	748
754	754
390	390
102	102
615	615
187	187
801	801
898	898
419	419
478	478
768	768
48	48
187	187
355	355
517	517
94	94
604	604
412	412
989	989
572	572
22	22
165	165
884	884
458	458
951	951
977	977
539	539
288	288
636	636
121	121
554	554
856	856
880	880
214	214
444	444
721	721
424	424
765	765
171	171
64	64
836	836
641	641
838	838
458	458
449	449
431	431
403	403
351	351
471	471
534	534
514	514
988	988
403	403
986	986
961	961
583	583
548	548
859	859
764	764
127	127
561	561
959	959
942	942
802	802
139	139
774	774
773	773
300	300
373	373
618	618
99	99
14	14
968	968
930	930
866	866
121	121
234	234
447	447
437	437
906	906
524	524
162	162
533	533
626	626
464	464
26	26
674	674
757	757
948	948
46	46
500	500
485	485
433	433
67	67
222	222
453	453
435	435
64	64
951	951
578	578
853	853
761	761
650	650
688	688
12	12
852	852
413	413
935	935
848	848
519	519
212	212
136	136
610	610
84	84
538	538
24	24
643	643
924	924
402	402
173	173
803	803
10	10
619	619
735	735
157	157
908	908
680	680
946	946
347	347
179	179
583	583
889	889
501	501
390	390
467	467
471	471
960	960
739	739
800	800
869	869
920	920
66	66
809	809
84	84
215	215
855	855
186	186
610	610
948	948
547	547
954	954
505	505
578	578
