90
180
515
438
507
560
540
612
433
499
542
458
520
474
608
620
462
508
454
475
451
616
448
449
460
479
475
488
493
607
424
466
438
514
501
609
617
519
512
478
446
604
476
451
489
525
437
459
444
442
498
502
437
491
584
464
555
600
430
450
509
453
454
543
553
491
571
568
624
430
604
594
525
576
472
456
501
487
504
577
571
562
424
624
579
483
470
522
626
536
479
1853
222	611
197	357
837	229
712	387
647	792
206	250
834	529
217	172
368	474
593	128
653	936
856	454
644	501
103	256
190	934
868	595
909	7
203	398
224	309
596	851
713	844
111	828
588	699
899	279
283	189
707	356
207	633
111	199
616	924
748	538
955	117
967	597
206	977
440	352
610	97
165	399
818	57
244	439
951	394
852	753
914	786
402	372
317	506
784	576
964	24
484	849
442	126
197	336
305	731
492	456
470	833
995	95
142	247
405	524
619	943
945	32
78	810
565	776
428	555
141	202
388	33
816	909
962	593
405	798
722	612
697	977
156	509
927	340
472	525
895	82
367	818
171	807
909	869
923	495
878	996
564	332
724	480
903	232
569	367
568	535
347	28
967	201
982	565
877	782
60	373
725	370
871	244
592	100
100	404
842	178
980	493
575	631
343	723
599	583
514	814
19	42
611	219
122	672
992	657
1000	868
366	798
589	436
597	891
536	576
781	453
121	32
745	158
839	171
89	260
385	757
569	911
973	224
207	257
255	727
440	657
621	759
499	944
821	815
22	648
415	842
309	658
564	522
213	623
271	431
50	113
444	568
798	923
120	89
302	814
383	726
209	117
97	718
730	555
332	604
451	852
870	610
562	953
255	903
448	432
861	763
939	676
596	624
969	792
995	820
512	394
88	52
226	342
76	722
896	903
841	154
183	54
595	770
807	644
274	152
170	578
796	161
727	171
297	22
752	680
489	241
750	565
700	345
317	314
185	83
273	397
665	74
324	557
495	848
809	866
87	109
181	571
349	790
727	656
560	650
710	962
551	354
368	263
18	39
142	234
478	288
