75
225
863
687
659
711
703
723
685
700
698
889
661
666
776
889
830
803
711
641
787
712
716
611
755
755
804
737
668
845
761
886
879
649
810
696
870
618
601
720
699
813
620
734
688
730
758
610
756
771
866
609
798
801
808
860
775
696
895
722
836
689
887
756
621
758
783
846
651
692
666
708
765
643
710
858
1319
14	14
527	527
291	291
457	457
912	912
783	783
188	188
108	108
350	350
615	615
933	933
223	223
29	29
991	991
105	105
763	763
66	66
199	199
924	924
435	435
816	816
119	119
923	923
969	969
838	838
921	921
175	175
134	134
845	845
492	492
306	306
434	434
420	420
795	795
490	490
537	537
270	270
649	649
864	864
536	536
335	335
532	532
678	678
894	894
74	74
676	676
969	969
969	969
885	885
743	743
903	903
603	603
250	250
529	529
100	100
944	944
56	56
593	593
107	107
160	160
419	419
942	942
626	626
195	195
153	153
167	167
301	301
370	370
258	258
237	237
595	595
502	502
695	695
310	310
346	346
48	48
124	124
110	110
674	674
33	33
357	357
430	430
777	777
927	927
754	754
728	728
239	239
878	878
969	969
457	457
557	557
986	986
449	449
114	114
616	616
549	549
863	863
891	891
976	976
488	488
855	855
200	200
117	117
175	175
263	263
997	997
158	158
263	263
314	314
268	268
907	907
29	29
580	580
235	235
857	857
734	734
968	968
960	960
345	345
921	921
215	215
751	751
274	274
678	678
261	261
291	291
629	629
120	120
74	74
557	557
35	35
800	800
420	420
769	769
663	663
682	682
618	618
901	901
434	434
907	907
283	283
647	647
83	83
28	28
578	578
504	504
695	695
645	645
888	888
511	511
112	112
397	397
479	479
825	825
92	92
640	640
538	538
487	487
53	53
472	472
294	294
155	155
914	914
786	786
585	585
24	24
393	393
274	274
330	330
609	609
603	603
725	725
896	896
769	769
221	221
123	123
269	269
694	694
803	803
979	979
13	13
352	352
856	856
451	451
247	247
586	586
213	213
58	58
473	473
477	477
756	756
293	293
830	830
843	843
468	468
616	616
503	503
834	834
804	804
340	340
844	844
14	14
389	389
13	13
537	537
725	725
926	926
507	507
460	460
624	624
136	136
571	571
59	59
232	232
555	555
408	408
819	819
839	839
743	743
338	338
680	680
793	793
149	149
157	157
29	29
