75
225
751
907
912
741
748
675
628
627
742
909
868
872
880
856
865
821
641
791
869
842
767
818
822
612
634
858
685
728
876
770
712
624
896
765
893
853
721
787
800
685
660
776
855
712
616
622
652
694
636
681
610
667
723
691
763
821
852
738
633
749
660
903
628
892
856
745
684
673
693
849
800
784
827
662
1089
286	60
217	131
417	568
308	514
314	277
941	853
119	453
803	341
272	67
167	763
852	821
537	441
470	307
827	575
413	895
320	458
484	141
79	320
342	789
571	991
679	902
637	110
373	925
621	868
222	342
95	152
342	795
793	600
376	443
863	94
112	868
47	688
401	532
556	767
375	12
242	802
132	894
940	260
57	289
148	211
37	243
955	11
222	406
832	386
286	286
909	917
824	170
925	387
949	160
260	544
908	54
356	429
335	423
683	430
380	386
705	692
413	137
881	20
871	712
415	847
130	365
512	396
309	728
428	755
691	138
809	635
190	675
133	415
735	910
584	196
672	1000
745	158
692	953
879	539
717	641
529	96
660	767
437	634
456	110
165	824
803	674
617	776
926	506
279	903
220	341
74	653
427	249
207	824
973	642
802	376
468	529
543	539
283	605
99	881
411	62
385	459
180	695
47	919
835	355
77	639
551	188
663	43
359	432
448	204
994	645
467	91
931	887
321	489
812	247
927	904
411	429
581	890
326	458
354	929
839	135
832	966
945	483
725	589
164	251
282	945
64	962
649	692
104	331
89	786
57	852
220	687
727	238
740	878
468	170
778	188
903	702
703	756
453	744
579	267
885	51
805	991
167	616
903	636
52	422
568	407
162	69
265	359
10	919
223	320
392	136
263	993
234	552
924	17
673	54
319	198
565	815
696	654
16	351
881	593
93	56
667	854
260	105
210	334
909	8
865	174
645	379
888	393
312	283
254	821
920	211
68	252
579	936
790	542
868	9
865	453
704	608
973	769
839	425
957	941
357	986
837	234
354	716
540	114
543	210
916	608
146	575
840	750
290	445
623	631
841	147
308	550
414	791
261	854
243	516
596	492
212	973
657	658
394	523
43	870
627	747
414	346
906	300
448	996
346	551
896	497
468	888
417	438
29	724
839	647
348	427
888	516
774	960
344	368
159	127
984	51
428	486
707	371
501	23
830	207
377	797
819	244
45	605
316	651
454	936
422	51
815	158
715	451
268	884
347	723
788	184
