90
180
431
510
480
526
572
584
538
476
431
539
580
442
424
501
459
519
556
561
559
516
456
546
584
502
533
419
429
416
413
459
462
444
571
546
575
556
429
487
399
532
394
471
411
402
490
501
488
417
438
456
498
446
407
539
397
403
527
527
479
413
541
410
504
569
440
397
403
502
436
451
538
465
440
509
407
429
427
397
492
534
493
435
580
567
472
396
439
519
420
1637
576	576
622	622
95	95
678	678
225	225
79	79
800	800
116	116
831	831
394	394
48	48
805	805
78	78
420	420
762	762
367	367
989	989
506	506
32	32
863	863
921	921
861	861
336	336
516	516
291	291
919	919
308	308
894	894
498	498
366	366
861	861
275	275
773	773
862	862
949	949
509	509
78	78
413	413
364	364
238	238
104	104
800	800
48	48
960	960
450	450
873	873
957	957
182	182
451	451
954	954
263	263
122	122
170	170
921	921
901	901
859	859
265	265
155	155
414	414
41	41
479	479
994	994
681	681
574	574
182	182
917	917
637	637
473	473
46	46
193	193
958	958
285	285
545	545
497	497
990	990
343	343
82	82
494	494
840	840
312	312
371	371
46	46
725	725
212	212
277	277
313	313
397	397
484	484
952	952
975	975
262	262
764	764
15	15
41	41
119	119
739	739
266	266
819	819
922	922
239	239
848	848
504	504
391	391
946	946
673	673
96	96
763	763
400	400
115	115
291	291
493	493
781	781
746	746
572	572
653	653
591	591
887	887
367	367
316	316
332	332
192	192
212	212
761	761
131	131
624	624
153	153
294	294
450	450
742	742
626	626
425	425
177	177
194	194
807	807
799	799
174	174
493	493
581	581
986	986
500	500
399	399
643	643
159	159
321	321
85	85
397	397
965	965
947	947
686	686
530	530
203	203
583	583
219	219
545	545
279	279
70	70
753	753
306	306
511	511
206	206
827	827
899	899
445	445
948	948
456	456
734	734
388	388
709	709
502	502
187	187
10	10
174	174
820	820
182	182
249	249
874	874
300	300
128	128
299	299
739	739
