150
300
446
411
458
530
553
435
459
475
530
445
446
558
489
418
569
467
545
468
429
445
547
556
492
507
487
463
569
437
447
435
429
413
568
449
568
446
578
520
409
520
472
396
410
400
570
459
436
569
436
468
485
422
456
499
515
498
404
485
404
394
538
584
490
470
415
481
457
431
461
535
566
514
401
503
423
421
393
538
412
410
410
434
472
500
428
497
513
462
536
394
396
549
486
394
468
561
541
466
436
467
424
546
483
442
486
577
420
576
512
534
483
478
530
490
550
458
583
506
579
495
520
496
517
574
560
429
540
460
397
478
426
400
450
471
452
547
472
419
426
537
481
446
514
505
507
567
558
524
413
1947
590	529
571	478
99	1
518	472
697	739
695	618
637	642
275	371
321	231
124	136
521	440
649	658
372	440
988	999
261	257
901	929
199	106
38	36
111	149
433	477
298	208
105	34
658	587
458	522
456	375
811	768
43	17
465	377
802	885
118	177
236	286
235	169
421	334
304	379
28	49
515	479
855	937
703	653
638	546
174	207
611	611
757	695
14	114
797	787
897	818
909	897
592	546
277	221
201	250
533	437
981	937
589	603
20	45
382	307
62	102
126	64
821	742
603	674
505	605
847	818
132	152
69	103
280	277
927	866
76	8
724	629
418	472
645	721
252	281
318	230
695	651
307	212
474	487
840	751
290	202
667	650
31	26
555	465
313	402
502	414
385	478
128	28
742	798
880	929
432	502
703	675
920	939
620	638
569	470
691	759
889	898
843	755
914	990
987	889
370	303
651	697
500	460
751	785
844	766
704	620
297	239
791	742
124	177
854	802
882	824
271	338
850	922
817	849
962	868
621	584
301	355
59	52
327	384
266	214
143	190
707	786
619	572
847	884
406	341
895	900
297	395
364	435
581	575
721	702
92	12
320	339
854	764
739	820
683	622
452	534
240	143
514	563
817	749
925	866
521	594
99	125
270	279
353	346
216	301
892	964
677	603
251	194
771	838
376	438
366	315
280	304
989	1033
183	150
277	366
116	27
510	489
296	384
709	622
647	740
315	269
180	257
898	841
417	378
338	322
921	869
852	872
670	764
556	488
332	359
994	1029
457	382
711	765
906	824
693	736
890	858
552	454
906	919
752	730
921	945
938	946
190	169
410	494
722	696
248	151
157	219
834	807
182	107
641	640
790	878
789	823
371	336
34	67
972	1017
414	395
263	318
55	119
302	377
808	824
213	158
470	569
270	258
306	305
360	371
408	505
782	755
148	62
57	121
740	782
810	714
697	778
623	578
173	165
818	825
279	290
78	9
805	746
653	601
843	900
682	697
336	386
906	854
286	246
287	369
161	187
79	120
626	546
671	737
741	740
473	561
717	634
564	567
100	92
115	23
579	652
662	670
115	96
814	825
979	1006
319	367
907	1000
78	129
534	547
768	727
171	112
900	808
487	544
285	341
798	886
972	1037
152	222
171	130
632	690
398	413
39	22
116	51
552	472
410	425
410	445
283	373
916	998
514	566
630	629
42	113
316	352
49	27
534	499
121	104
468	477
432	392
107	30
99	128
408	485
156	245
341	308
218	147
728	817
781	709
751	773
231	311
747	751
218	146
381	360
215	253
597	661
483	490
808	754
42	32
319	274
933	853
181	186
397	387
831	773
364	391
64	152
534	559
847	916
708	706
42	112
13	113
276	304
579	655
937	898
341	323
39	138
16	103
