90
180
436
568
558
511
526
618
503
522
438
549
548
471
539
488
611
533
476
533
489
554
520
532
431
502
497
509
548
473
525
558
461
592
615
462
434
592
629
440
423
586
447
495
549
506
585
445
438
542
630
529
587
430
466
425
508
447
444
424
448
424
566
541
460
602
605
486
518
494
528
441
480
488
465
579
518
444
526
439
588
583
581
601
551
442
614
427
621
619
584
1512
142	224
953	550
986	469
648	920
410	222
191	665
776	421
922	493
97	455
884	238
50	527
265	845
919	58
304	769
891	36
723	462
987	936
863	128
344	77
520	120
107	87
406	686
428	884
125	64
481	177
524	393
627	635
664	61
189	746
276	724
694	490
879	774
551	589
350	254
816	934
758	2
411	847
542	561
782	533
204	710
924	506
879	692
737	403
558	3
95	523
164	490
225	696
426	573
809	53
724	857
455	416
767	101
747	852
17	131
443	242
724	896
475	3
734	848
468	929
65	254
441	119
494	611
651	326
366	987
795	649
292	432
588	499
453	282
500	976
399	108
233	177
952	877
67	516
95	981
400	300
61	886
69	244
40	502
532	114
278	866
433	145
693	956
60	759
476	592
942	1
446	148
348	180
782	398
600	270
188	850
620	275
928	764
761	524
519	755
836	933
437	615
540	294
696	741
67	532
145	712
143	465
75	241
615	850
869	530
826	7
294	624
455	144
835	544
968	870
969	835
917	415
688	436
714	62
222	506
181	595
451	273
232	583
290	862
966	922
380	298
390	920
914	342
784	794
560	369
356	337
531	382
621	96
646	17
712	867
221	915
408	482
904	700
199	554
476	49
967	198
299	54
821	418
602	221
736	713
518	944
280	735
489	907
157	809
550	70
924	571
20	737
189	98
842	673
856	28
848	18
546	541
125	405
639	820
254	349
991	221
826	228
14	319
378	331
960	984
280	98
911	792
962	148
386	412
169	431
996	100
990	930
922	183
49	752
313	733
801	757
612	702
247	670
911	793
692	749
264	887
340	861
929	289
529	731
179	758
472	470
