75
225
617
849
878
680
613
783
811
621
812
740
819
614
847
701
692
842
758
731
742
704
718
678
748
856
607
871
881
635
836
599
652
705
783
727
611
617
614
799
785
813
841
629
672
851
667
723
719
807
742
615
886
789
686
648
604
790
778
759
760
843
622
601
716
634
742
684
740
834
612
870
636
637
725
754
1731
546	556
719	729
727	737
627	637
231	241
195	205
89	99
841	851
559	569
575	585
618	628
139	149
197	207
282	292
56	66
119	129
386	396
489	499
704	714
673	683
477	487
782	792
157	167
717	727
684	694
966	976
376	386
85	95
49	59
751	761
221	231
822	832
623	633
958	968
374	384
906	916
255	265
956	966
767	777
530	540
60	70
788	798
768	778
743	753
823	833
56	66
319	329
833	843
333	343
639	649
327	337
445	455
666	676
358	368
57	67
488	498
87	97
174	184
639	649
524	534
179	189
234	244
23	33
762	772
893	903
61	71
468	478
533	543
57	67
674	684
332	342
778	788
631	641
476	486
723	733
103	113
950	960
212	222
737	747
538	548
167	177
575	585
343	353
50	60
761	771
881	891
665	675
244	254
958	968
698	708
868	878
101	111
182	192
171	181
231	241
800	810
371	381
127	137
796	806
72	82
512	522
218	228
599	609
558	568
981	991
934	944
34	44
694	704
225	235
223	233
246	256
779	789
536	546
659	669
592	602
433	443
304	314
628	638
410	420
463	473
272	282
448	458
395	405
219	229
943	953
18	28
816	826
616	626
218	228
971	981
256	266
652	662
949	959
424	434
247	257
996	1006
49	59
914	924
661	671
861	871
902	912
458	468
524	534
361	371
79	89
29	39
284	294
262	272
712	722
949	959
333	343
72	82
721	731
74	84
902	912
195	205
144	154
260	270
468	478
249	259
706	716
859	869
223	233
396	406
655	665
180	190
895	905
474	484
707	717
589	599
965	975
830	840
845	855
521	531
370	380
495	505
829	839
172	182
976	986
879	889
803	813
318	328
516	526
14	24
532	542
525	535
468	478
967	977
981	991
419	429
814	824
835	845
419	429
663	673
584	594
166	176
279	289
391	401
97	107
644	654
113	123
890	900
857	867
336	346
660	670
912	922
340	350
451	461
763	773
97	107
691	701
490	500
279	289
84	94
17	27
733	743
812	822
470	480
576	586
402	412
279	289
118	128
537	547
34	44
819	829
