150
300
495
452
399
555
391
461
439
475
455
478
537
527
527
459
392
506
418
527
514
386
447
449
448
391
541
536
513
511
425
434
477
431
543
392
419
383
381
414
405
404
460
556
393
535
382
437
418
435
512
563
380
393
553
429
557
423
507
556
426
555
455
530
396
529
461
470
455
385
435
514
427
430
417
540
533
387
431
450
430
509
445
434
434
448
509
448
406
494
434
515
383
486
496
531
405
400
415
487
508
505
505
497
461
394
517
515
439
478
492
398
463
502
401
552
547
521
564
538
479
536
492
479
529
386
462
456
441
416
442
423
418
410
472
479
388
534
417
438
539
531
501
419
426
534
529
489
412
403
515
1853
91	101
530	540
322	332
538	548
981	991
356	366
213	223
252	262
755	765
377	387
967	977
935	945
57	67
947	957
259	269
58	68
179	189
706	716
49	59
823	833
592	602
804	814
430	440
964	974
797	807
151	161
89	99
997	1007
644	654
400	410
772	782
350	360
276	286
490	500
194	204
65	75
731	741
877	887
511	521
105	115
923	933
675	685
21	31
10	20
565	575
330	340
691	701
30	40
337	347
710	720
300	310
589	599
262	272
650	660
604	614
633	643
285	295
834	844
252	262
399	409
44	54
902	912
158	168
819	829
128	138
648	658
295	305
460	470
599	609
207	217
18	28
22	32
483	493
282	292
656	666
328	338
333	343
373	383
464	474
929	939
541	551
235	245
498	508
219	229
685	695
444	454
205	215
897	907
877	887
573	583
701	711
168	178
871	881
389	399
539	549
294	304
497	507
898	908
22	32
566	576
227	237
548	558
125	135
660	670
506	516
137	147
572	582
260	270
347	357
889	899
464	474
624	634
437	447
282	292
683	693
785	795
757	767
849	859
346	356
82	92
261	271
821	831
115	125
443	453
987	997
509	519
140	150
595	605
85	95
571	581
123	133
712	722
805	815
898	908
73	83
856	866
117	127
358	368
415	425
721	731
305	315
473	483
89	99
922	932
692	702
297	307
994	1004
948	958
795	805
189	199
249	259
379	389
914	924
358	368
372	382
931	941
670	680
830	840
721	731
668	678
405	415
23	33
256	266
864	874
655	665
219	229
721	731
340	350
126	136
434	444
196	206
150	160
136	146
458	468
424	434
814	824
884	894
884	894
874	884
922	932
424	434
712	722
430	440
115	125
257	267
308	318
480	490
719	729
624	634
492	502
709	719
352	362
951	961
170	180
380	390
491	501
770	780
946	956
455	465
794	804
449	459
18	28
94	104
454	464
134	144
98	108
272	282
256	266
427	437
963	973
727	737
360	370
820	830
410	420
246	256
557	567
441	451
968	978
602	612
571	581
863	873
709	719
276	286
639	649
196	206
908	918
615	625
551	561
396	406
458	468
530	540
227	237
839	849
185	195
191	201
136	146
161	171
199	209
123	133
93	103
619	629
674	684
325	335
596	606
352	362
13	23
607	617
96	106
868	878
93	103
74	84
823	833
836	846
160	170
95	105
443	453
346	356
709	719
190	200
515	525
327	337
988	998
652	662
452	462
883	893
127	137
71	81
309	319
314	324
609	619
961	971
409	419
740	750
587	597
403	413
359	369
991	1001
89	99
276	286
130	140
449	459
492	502
382	392
132	142
490	500
590	600
604	614
955	965
728	738
61	71
483	493
544	554
537	547
444	454
294	304
275	285
265	275
454	464
210	220
404	414
