150
300
431
534
577
590
547
588
582
538
431
545
594
594
549
497
452
575
432
549
423
549
581
482
442
468
442
526
478
486
428
504
549
587
428
423
528
450
529
583
450
401
572
527
468
430
456
510
536
455
473
552
490
519
518
483
451
466
458
535
584
411
439
597
427
459
476
558
504
477
449
448
403
552
575
565
488
461
550
548
491
489
481
532
481
573
509
582
454
476
530
459
456
517
473
518
428
442
447
587
456
576
488
519
457
472
464
482
470
589
414
587
412
519
490
586
539
439
424
524
481
428
597
418
486
517
449
531
544
448
534
516
520
499
409
413
460
409
414
598
518
471
504
449
493
455
521
401
522
532
543
1047
391	391
513	513
804	804
894	894
282	282
479	479
529	529
376	376
488	488
219	219
842	842
298	298
117	117
545	545
379	379
720	720
416	416
777	777
401	401
934	934
196	196
359	359
989	989
80	80
862	862
570	570
95	95
171	171
705	705
730	730
788	788
740	740
471	471
131	131
896	896
324	324
807	807
390	390
84	84
204	204
295	295
919	919
943	943
654	654
830	830
42	42
120	120
829	829
294	294
320	320
930	930
735	735
371	371
685	685
811	811
375	375
410	410
732	732
926	926
709	709
546	546
726	726
389	389
459	459
50	50
412	412
741	741
691	691
510	510
769	769
338	338
471	471
412	412
241	241
308	308
436	436
897	897
870	870
156	156
412	412
267	267
646	646
319	319
917	917
666	666
500	500
702	702
692	692
465	465
576	576
622	622
95	95
678	678
225	225
79	79
800	800
116	116
831	831
394	394
48	48
805	805
78	78
420	420
762	762
367	367
989	989
506	506
32	32
863	863
921	921
861	861
336	336
516	516
291	291
919	919
308	308
894	894
498	498
366	366
861	861
275	275
773	773
862	862
949	949
509	509
78	78
413	413
364	364
238	238
104	104
800	800
48	48
960	960
450	450
873	873
957	957
182	182
451	451
954	954
263	263
122	122
170	170
921	921
901	901
859	859
265	265
155	155
414	414
41	41
479	479
994	994
681	681
574	574
182	182
917	917
637	637
473	473
46	46
193	193
958	958
285	285
545	545
497	497
990	990
343	343
82	82
494	494
840	840
312	312
371	371
46	46
725	725
212	212
277	277
313	313
397	397
484	484
952	952
975	975
262	262
764	764
15	15
41	41
119	119
739	739
266	266
819	819
922	922
239	239
848	848
504	504
391	391
946	946
673	673
96	96
763	763
400	400
115	115
291	291
493	493
781	781
746	746
572	572
653	653
591	591
887	887
367	367
316	316
332	332
192	192
212	212
761	761
131	131
624	624
153	153
294	294
450	450
742	742
626	626
425	425
177	177
194	194
807	807
799	799
174	174
493	493
581	581
986	986
500	500
399	399
643	643
159	159
321	321
85	85
397	397
965	965
947	947
686	686
530	530
203	203
583	583
219	219
545	545
279	279
70	70
753	753
306	306
511	511
206	206
827	827
899	899
445	445
948	948
456	456
734	734
388	388
709	709
502	502
187	187
10	10
174	174
820	820
182	182
249	249
874	874
300	300
128	128
299	299
739	739
46	46
680	680
954	954
262	262
526	526
263	263
915	915
558	558
667	667
830	830
239	239
744	744
171	171
116	116
728	728
145	145
204	204
275	275
436	436
567	567
441	441
489	489
644	644
837	837
236	236
807	807
282	282
249	249
693	693
76	76
698	698
