150
300
427
481
482
578
513
575
575
472
407
429
454
442
467
553
406
535
468
459
414
422
597
562
417
533
438
415
509
537
422
585
502
582
411
491
473
505
588
423
504
605
414
508
430
503
586
546
517
593
582
522
539
451
526
593
485
577
529
517
411
434
557
587
588
463
552
524
452
591
444
510
441
453
471
451
498
485
511
435
454
543
516
427
421
448
595
422
542
474
496
450
601
594
583
583
576
530
563
414
441
523
572
412
534
436
510
547
437
536
453
422
555
602
489
584
425
551
485
516
540
418
493
541
573
470
525
449
434
485
459
428
543
461
561
561
602
459
591
597
465
422
455
531
589
498
472
551
437
494
473
1040
115	165
130	89
149	104
590	596
825	846
967	1003
997	1043
967	999
225	166
593	554
303	274
182	82
296	272
854	884
744	731
371	425
939	847
958	928
509	579
654	628
207	165
184	143
529	624
896	983
14	106
698	617
778	866
203	282
408	506
382	459
82	143
429	405
138	145
989	960
539	566
978	890
647	633
536	496
471	552
350	313
212	236
387	329
671	628
709	636
158	136
417	408
824	818
523	451
662	635
998	1074
544	461
607	623
356	385
848	932
281	231
118	38
344	352
895	961
804	741
686	751
372	348
404	372
937	939
26	17
410	492
176	233
868	895
170	136
514	427
668	658
815	873
87	44
885	982
430	432
436	374
540	503
550	545
891	799
73	131
809	787
591	675
708	762
224	173
772	813
506	486
620	680
18	33
912	866
919	986
77	133
921	981
345	271
888	836
72	3
276	238
638	736
630	650
142	181
542	510
164	229
768	764
333	395
439	539
168	222
587	572
156	60
351	358
445	472
959	993
759	727
745	707
118	66
185	189
938	946
605	664
59	101
821	888
149	139
871	819
425	453
37	50
637	608
533	592
24	16
692	761
14	64
230	262
95	47
657	689
343	405
485	525
67	153
331	295
908	938
570	479
35	25
580	654
628	701
959	1025
961	866
465	427
101	35
308	223
54	102
36	39
410	475
613	596
647	725
518	489
248	330
116	76
88	105
278	321
314	215
68	8
716	743
41	135
572	492
661	588
1000	1060
404	400
506	502
681	740
568	623
70	15
784	883
459	383
488	586
120	101
830	804
798	706
110	51
890	978
746	664
307	325
243	339
625	666
74	68
795	760
534	445
288	343
52	1
453	447
69	75
758	764
719	721
697	767
491	400
894	907
936	1033
801	865
331	369
821	821
363	385
777	682
439	514
193	236
544	608
239	142
629	542
939	1020
688	707
361	425
479	471
777	788
648	693
418	374
270	243
982	924
674	666
15	29
85	130
917	982
90	87
276	216
857	815
323	389
654	665
205	282
700	669
257	318
391	476
294	197
962	864
848	754
865	801
58	2
694	628
636	552
948	1015
849	853
44	28
609	550
805	882
428	451
756	688
620	709
344	373
429	512
711	654
909	838
564	649
538	561
959	998
381	355
541	605
741	719
398	371
760	792
502	510
854	804
158	128
975	1015
397	477
385	291
74	149
335	338
810	853
870	930
682	597
874	924
886	913
451	536
619	526
682	706
934	976
310	262
264	295
766	772
178	179
332	406
807	723
418	327
419	495
125	217
113	204
196	278
526	447
620	563
20	8
220	230
850	920
454	512
254	209
252	293
222	130
467	449
650	638
496	556
494	553
151	65
861	958
696	651
641	709
968	1065
482	502
201	237
964	893
610	704
72	158
