90
180
562
444
462
599
440
524
482
511
507
439
502
582
611
482
440
548
557
477
630
464
538
494
644
607
646
457
612
547
552
469
626
541
499
501
448
460
637
532
547
650
602
536
626
559
635
631
450
516
621
583
545
445
455
526
647
460
634
543
613
538
445
491
540
600
539
439
535
542
510
488
654
592
602
617
595
535
443
637
647
450
638
653
532
537
440
471
585
563
638
1030
788	798
838	848
542	552
423	433
861	871
191	201
972	982
90	100
737	747
542	552
595	605
74	84
656	666
313	323
225	235
249	259
593	603
477	487
742	752
313	323
772	782
222	232
54	64
451	461
808	818
121	131
817	827
773	783
803	813
966	976
400	410
214	224
68	78
923	933
805	815
370	380
315	325
108	118
559	569
985	995
849	859
906	916
213	223
979	989
824	834
327	337
334	344
969	979
291	301
94	104
406	416
549	559
841	851
313	323
200	210
193	203
234	244
585	595
278	288
78	88
483	493
197	207
865	875
624	634
481	491
957	967
710	720
228	238
753	763
772	782
265	275
788	798
835	845
570	580
694	704
311	321
953	963
528	538
854	864
976	986
573	583
636	646
609	619
250	260
727	737
690	700
592	602
904	914
947	957
462	472
125	135
563	573
523	533
473	483
361	371
363	373
956	966
641	651
489	499
87	97
926	936
791	801
699	709
243	253
707	717
812	822
645	655
791	801
212	222
572	582
835	845
212	222
819	829
72	82
709	719
875	885
22	32
472	482
107	117
73	83
965	975
751	761
600	610
836	846
468	478
638	648
36	46
611	621
395	405
304	314
544	554
794	804
469	479
786	796
194	204
457	467
645	655
433	443
954	964
881	891
444	454
215	225
351	361
966	976
702	712
894	904
364	374
745	755
260	270
794	804
562	572
246	256
645	655
964	974
264	274
265	275
365	375
432	442
806	816
668	678
966	976
770	780
713	723
58	68
510	520
422	432
88	98
589	599
993	1003
711	721
957	967
856	866
220	230
236	246
301	311
671	681
794	804
146	156
520	530
985	995
