75
375
1316
1196
1060
1368
1286
1398
1176
1051
1035
1087
1413
1416
1226
1424
1360
1081
1031
1166
1238
1139
1362
1303
1301
1402
1218
1060
1102
1091
1002
1100
992
1086
1365
1146
1388
1027
1338
1008
1009
1056
1347
1433
1195
1023
1201
1217
1243
1273
1321
1124
1239
1001
1464
1271
1228
1298
1047
1231
1241
1418
1168
1191
1227
1430
1336
1246
1323
1288
1312
1313
1156
1153
1266
1337
2540
149	136
782	760
268	326
59	24
433	375
855	865
499	512
654	736
910	885
666	577
312	298
65	56
987	1032
416	374
859	939
78	1
498	487
38	80
872	840
171	147
920	843
772	790
558	655
961	965
562	625
912	986
124	67
839	863
162	129
12	63
130	152
721	683
590	571
848	831
978	969
184	264
246	207
956	965
728	727
31	80
334	427
813	858
562	591
453	501
798	715
268	260
321	245
312	342
120	91
781	823
928	966
773	810
389	488
278	287
253	240
801	824
427	453
24	35
254	261
844	935
878	843
885	962
558	565
490	511
438	404
781	781
311	233
15	81
668	760
132	210
554	530
472	491
318	405
568	475
845	785
555	542
333	265
662	569
643	597
720	711
554	600
53	90
829	787
309	377
831	820
73	141
125	166
155	203
99	125
468	555
188	206
564	584
533	502
93	152
636	582
679	713
276	188
769	690
252	303
300	200
442	435
445	351
135	107
499	581
153	238
354	308
662	727
25	52
36	57
938	931
170	165
520	464
380	389
510	516
196	292
971	994
792	864
86	59
713	802
948	1042
643	736
472	497
73	68
631	689
144	198
833	931
245	226
671	768
66	140
910	844
148	79
390	472
832	870
144	230
27	110
84	96
202	162
625	634
577	533
613	704
847	807
959	1002
497	492
676	640
447	546
765	760
137	211
878	933
270	192
806	707
632	683
436	416
270	337
215	244
279	283
493	493
298	351
915	876
510	488
338	253
728	676
158	103
301	266
315	406
505	424
551	482
238	233
953	1048
539	540
85	148
360	429
196	263
635	665
649	733
259	262
660	577
243	219
35	70
719	780
769	756
989	964
343	312
845	885
851	941
389	396
807	900
795	874
850	850
260	346
871	969
310	392
545	509
456	499
610	705
244	333
160	85
600	573
233	195
300	335
836	757
783	747
429	439
724	645
152	209
622	679
860	890
568	495
532	572
895	867
102	53
574	497
330	257
338	305
952	987
381	329
325	321
927	847
917	979
819	867
953	984
504	481
888	971
577	494
341	303
171	115
394	367
552	652
527	604
696	796
56	116
406	376
30	46
728	754
450	407
273	339
741	772
228	159
772	675
442	480
242	320
889	836
946	874
361	400
307	277
947	1014
450	396
637	569
963	989
808	760
844	808
530	485
255	260
730	743
709	747
851	885
87	103
688	641
834	899
324	296
566	580
896	900
541	578
143	62
633	669
949	981
556	578
662	584
993	1088
673	589
859	820
600	523
46	79
931	983
937	917
197	216
929	918
105	144
180	178
868	794
386	354
274	345
121	118
740	680
996	1057
312	317
985	886
446	453
342	420
438	490
644	553
307	286
97	15
579	660
274	363
735	748
127	91
49	136
176	93
924	864
783	770
737	816
680	694
122	134
762	853
240	332
467	507
415	422
397	379
82	84
521	509
991	955
507	550
161	75
600	604
600	606
530	501
425	342
542	586
1000	1025
216	217
479	485
42	120
95	164
999	1074
268	284
218	256
280	260
160	185
143	219
616	614
980	902
252	161
26	96
699	757
738	828
634	635
437	463
516	439
34	26
342	349
595	642
328	285
626	668
47	75
606	545
668	575
919	1016
153	101
317	243
969	944
706	685
234	207
735	643
351	265
223	147
418	458
147	190
346	324
438	411
185	158
453	407
82	107
297	309
593	518
939	977
456	535
66	139
992	1017
368	325
379	413
256	311
818	797
266	222
162	125
83	43
