75
375
1342
1520
1296
1374
1377
1575
1107
1206
1364
1572
1306
1521
1555
1160
1430
1106
1471
1452
1403
1227
1257
1149
1100
1234
1394
1563
1477
1451
1297
1077
1510
1219
1361
1319
1406
1144
1418
1373
1308
1198
1136
1579
1254
1517
1218
1230
1284
1272
1513
1264
1513
1156
1261
1240
1430
1186
1170
1337
1089
1447
1182
1139
1506
1217
1076
1336
1087
1321
1461
1158
1256
1444
1518
1383
3133
937	947
987	997
600	610
32	42
891	901
46	56
969	979
606	616
375	385
277	287
894	904
941	951
714	724
142	152
243	253
327	337
532	542
550	560
652	662
578	588
506	516
904	914
744	754
25	35
545	555
949	959
78	88
545	555
662	672
616	626
961	971
623	633
869	879
775	785
556	566
935	945
213	223
267	277
60	70
833	843
587	597
453	463
163	173
619	629
818	828
886	896
837	847
144	154
951	961
325	335
595	605
946	956
186	196
753	763
747	757
616	626
778	788
562	572
27	37
82	92
300	310
191	201
12	22
617	627
580	590
286	296
911	921
947	957
969	979
895	905
299	309
258	268
809	819
785	795
515	525
128	138
780	790
887	897
428	438
864	874
493	503
737	747
642	652
578	588
568	578
501	511
854	864
443	453
839	849
943	953
481	491
991	1001
333	343
126	136
557	567
294	304
700	710
545	555
900	910
41	51
661	671
576	586
544	554
137	147
769	779
902	912
947	957
557	567
243	253
295	305
75	85
565	575
298	308
547	557
939	949
159	169
722	732
756	766
429	439
615	625
373	383
51	61
154	164
776	786
846	856
888	898
470	480
226	236
832	842
827	837
592	602
602	612
129	139
954	964
670	680
574	584
227	237
864	874
690	700
650	660
268	278
950	960
539	549
333	343
417	427
730	740
874	884
868	878
347	357
969	979
524	534
294	304
116	126
970	980
706	716
409	419
109	119
796	806
361	371
91	101
677	687
834	844
542	552
622	632
770	780
213	223
854	864
779	789
827	837
34	44
988	998
637	647
559	569
493	503
236	246
291	301
995	1005
511	521
987	997
548	558
364	374
295	305
833	843
720	730
637	647
206	216
62	72
369	379
852	862
716	726
350	360
332	342
566	576
435	445
352	362
637	647
252	262
527	537
247	257
985	995
212	222
981	991
409	419
252	262
990	1000
237	247
191	201
471	481
764	774
338	348
800	810
379	389
272	282
696	706
624	634
195	205
556	566
444	454
406	416
703	713
220	230
487	497
322	332
630	640
927	937
722	732
649	659
687	697
767	777
736	746
411	421
404	414
691	701
495	505
596	606
847	857
871	881
400	410
77	87
998	1008
662	672
160	170
259	269
187	197
926	936
995	1005
916	926
887	897
244	254
702	712
853	863
965	975
746	756
774	784
858	868
633	643
968	978
242	252
373	383
316	326
775	785
443	453
696	706
456	466
764	774
748	758
316	326
242	252
72	82
970	980
324	334
115	125
408	418
28	38
270	280
358	368
505	515
646	656
380	390
236	246
900	910
295	305
751	761
212	222
500	510
822	832
190	200
86	96
920	930
744	754
611	621
622	632
287	297
73	83
88	98
354	364
624	634
245	255
548	558
716	726
614	624
712	722
804	814
63	73
483	493
291	301
981	991
652	662
657	667
55	65
297	307
477	487
911	921
752	762
795	805
176	186
758	768
769	779
25	35
686	696
848	858
118	128
567	577
289	299
539	549
877	887
183	193
464	474
492	502
631	641
456	466
283	293
188	198
145	155
295	305
938	948
604	614
601	611
654	664
595	605
483	493
197	207
661	671
42	52
353	363
991	1001
597	607
906	916
318	328
587	597
972	982
198	208
654	664
775	785
538	548
416	426
419	429
772	782
361	371
258	268
426	436
875	885
294	304
298	308
746	756
480	490
184	194
155	165
127	137
911	921
757	767
80	90
378	388
25	35
46	56
