90
180
512
450
497
506
595
440
568
457
436
524
426
590
555
531
403
516
402
408
515
507
559
574
600
461
443
428
454
419
500
578
437
440
591
499
500
486
498
452
421
504
594
500
449
488
456
564
445
442
481
409
429
401
470
488
512
481
545
505
428
548
474
455
516
568
457
559
551
497
476
463
419
403
579
561
473
571
562
511
531
447
575
441
451
410
557
405
542
405
536
1507
268	607
466	669
36	749
999	293
413	926
906	810
371	183
629	16
863	8
603	368
123	186
64	911
486	736
621	183
498	777
393	700
659	390
695	530
205	431
123	349
575	739
256	304
535	983
620	450
804	774
567	679
677	338
528	11
254	618
134	548
543	572
482	96
983	517
875	844
178	831
634	270
76	714
23	334
13	551
676	905
1000	24
330	270
208	620
731	877
519	506
190	771
308	491
388	995
453	925
528	898
967	605
187	202
995	84
614	602
633	86
525	115
316	783
393	846
698	663
625	724
372	336
916	286
149	93
747	591
692	653
338	350
442	128
170	200
487	721
754	109
91	45
785	498
953	179
889	247
666	428
258	986
982	685
819	428
919	963
180	754
189	150
555	687
935	873
86	608
895	904
719	688
544	371
920	684
60	979
269	610
441	595
506	78
843	1
691	829
200	708
115	110
831	807
868	461
646	31
265	378
502	786
91	769
880	337
426	755
900	360
191	901
918	635
162	864
399	443
954	185
166	960
956	729
575	585
210	824
255	587
939	749
128	231
864	386
614	935
615	774
155	905
30	458
646	44
830	888
392	507
284	328
645	377
36	901
454	156
52	760
143	548
257	411
367	670
442	865
945	484
719	716
427	839
319	447
914	576
179	214
670	867
691	154
243	405
467	593
736	63
251	85
460	947
235	732
258	479
620	672
727	792
927	847
580	793
169	566
601	540
670	818
125	600
850	391
110	212
377	525
866	27
100	983
797	72
806	62
857	443
650	565
562	693
274	342
572	40
46	182
204	507
766	428
58	661
590	367
42	63
762	865
452	103
116	934
642	770
879	970
