75
225
666
850
682
923
928
934
800
727
793
839
677
928
730
753
758
771
640
730
795
705
915
761
807
853
713
916
857
923
639
938
747
725
921
710
782
769
757
872
777
648
737
698
680
926
682
692
704
916
884
715
652
900
804
639
879
868
641
919
781
717
865
660
749
900
715
913
909
650
813
761
939
730
706
694
1608
327	349
811	879
789	745
277	361
905	921
163	137
985	992
555	525
545	541
857	881
931	848
76	103
659	623
850	785
206	246
838	894
989	994
875	812
111	142
752	808
356	364
193	191
318	370
816	742
626	573
268	214
732	665
350	435
714	702
787	869
902	878
724	653
562	660
367	360
768	809
596	602
426	505
224	176
274	361
840	850
290	268
798	880
438	484
360	301
470	501
796	885
391	463
965	970
780	819
214	195
754	748
473	412
859	921
122	83
359	455
88	180
658	597
718	795
344	285
358	404
448	380
723	809
212	298
86	176
102	107
855	905
941	984
480	451
107	130
707	639
179	170
174	94
311	246
973	934
972	1010
29	49
971	1050
466	509
989	926
779	856
754	669
104	160
835	842
981	937
691	773
528	489
354	314
802	710
56	31
699	616
217	163
268	195
416	479
172	107
451	446
788	777
268	205
805	804
860	885
928	887
199	197
523	557
148	71
468	552
430	359
244	340
211	131
916	849
638	689
580	569
227	135
496	477
10	17
603	529
672	602
895	989
387	472
294	227
717	796
870	926
566	618
958	985
328	265
493	516
699	721
870	842
768	771
32	72
25	94
112	47
116	190
848	796
131	171
393	371
866	852
583	523
397	469
461	531
275	234
810	725
802	774
852	783
798	850
499	587
259	319
688	627
700	781
287	296
453	531
945	856
12	11
174	206
616	524
565	649
980	937
951	1014
942	868
580	531
729	711
917	989
89	35
817	844
329	338
726	720
774	858
592	599
21	86
186	277
772	673
26	88
815	717
423	509
868	933
236	203
891	978
352	407
737	734
900	999
116	47
735	819
117	208
773	785
347	441
230	284
863	799
259	301
439	521
163	70
102	123
886	927
95	171
877	881
703	640
413	361
894	810
20	43
742	777
917	931
167	83
92	47
399	363
513	447
465	508
497	407
299	354
985	1008
438	430
955	970
906	863
879	965
479	386
111	11
686	595
207	259
279	331
732	645
386	381
390	416
594	693
153	207
632	608
437	379
114	32
916	817
386	481
