150
300
419
457
451
440
486
533
478
457
460
420
547
477
415
577
421
447
512
499
483
478
517
411
578
555
571
522
415
463
405
531
521
552
549
481
518
512
485
510
451
429
487
494
511
457
426
503
588
434
488
475
501
485
418
557
409
578
565
465
541
456
546
491
456
442
471
465
443
477
476
488
415
568
512
401
567
517
594
425
559
515
477
595
538
417
466
559
590
410
490
489
462
472
537
486
453
564
502
422
414
470
559
469
538
408
442
518
487
445
596
486
531
590
411
496
447
415
543
538
454
417
534
462
480
435
566
519
409
462
521
547
415
568
532
429
516
489
480
467
570
504
467
478
502
506
451
597
476
496
492
1845
298	599
879	918
771	270
693	489
818	183
483	760
533	899
771	848
266	840
285	744
641	882
45	786
566	65
547	37
544	725
260	210
356	927
309	237
916	842
623	911
356	930
740	130
506	116
623	956
401	358
161	639
43	24
611	880
515	331
894	567
137	321
53	270
724	574
257	950
565	965
160	454
607	894
717	918
741	918
888	899
625	447
957	635
857	730
326	468
292	106
798	727
510	139
952	475
161	451
64	344
554	471
495	528
453	25
742	541
677	505
433	615
806	754
480	540
404	63
34	437
417	229
502	535
292	458
952	319
962	14
826	906
762	889
935	964
135	822
48	150
848	78
278	694
644	544
72	594
196	247
678	796
978	620
21	813
926	790
392	187
961	800
237	165
112	906
292	713
450	858
418	171
759	692
875	313
74	87
912	76
526	971
655	906
579	976
127	586
975	576
766	815
472	584
911	617
528	674
515	80
715	487
560	762
19	867
865	999
777	737
49	468
990	545
579	13
301	72
371	614
31	415
896	827
433	294
406	262
1000	738
813	721
932	140
999	821
312	588
303	706
968	158
244	752
958	284
367	717
794	228
138	696
820	603
824	430
168	562
679	67
545	337
822	180
484	25
840	746
124	694
341	200
217	556
67	417
953	121
169	740
232	308
564	66
820	365
28	490
617	405
808	41
201	407
345	120
236	199
212	137
217	25
508	139
704	917
826	918
669	458
562	688
390	25
507	226
842	84
138	221
307	846
501	857
969	276
408	558
755	957
862	404
264	46
696	65
278	841
694	753
566	86
178	987
431	330
706	185
608	840
40	192
245	222
226	529
51	737
482	399
993	211
342	385
35	684
834	339
129	166
583	616
274	262
58	483
150	24
548	919
798	641
39	90
876	179
285	969
500	741
205	128
527	881
70	194
261	795
481	976
90	350
53	709
384	400
550	609
954	449
376	675
209	192
607	493
365	447
750	131
507	705
568	124
420	504
239	445
778	627
97	346
424	88
743	966
723	382
314	684
524	31
234	903
645	356
531	95
279	762
533	237
219	899
813	882
251	856
617	723
336	429
762	935
105	693
760	827
890	712
97	382
336	434
864	321
969	158
877	178
701	939
235	177
931	365
411	17
158	23
75	115
820	72
553	120
388	484
158	470
648	357
82	725
184	704
860	154
11	85
961	908
357	338
291	877
874	999
125	498
842	711
957	447
118	357
89	861
313	861
742	805
786	981
746	394
617	131
694	826
730	321
527	805
320	631
837	770
354	695
85	181
461	863
681	277
181	546
90	238
275	768
187	250
74	872
820	653
570	83
481	33
40	906
344	47
438	802
856	255
638	207
722	274
771	504
203	670
947	65
517	986
306	230
762	955
359	319
254	654
