150
300
447
509
473
537
410
427
433
440
435
476
483
466
538
451
441
503
503
458
406
550
445
429
554
518
424
528
579
462
507
525
449
465
483
538
524
474
507
451
542
450
545
472
569
467
439
450
462
517
496
566
571
474
525
414
523
408
482
468
410
527
422
399
504
546
549
585
398
394
471
510
456
533
397
572
575
463
562
550
445
573
580
464
579
474
444
542
554
477
417
529
563
586
418
427
417
415
543
479
528
551
570
440
452
566
410
487
435
439
406
528
517
401
433
517
567
514
495
514
414
423
589
465
577
497
444
481
431
445
509
397
561
420
529
527
573
529
427
409
541
585
503
544
576
494
532
585
541
431
424
1024
143	134
33	37
280	237
50	142
841	906
811	894
847	938
460	393
680	708
606	545
668	575
919	1016
153	101
317	243
969	944
706	685
234	207
735	643
351	265
223	147
418	458
147	190
346	324
438	411
185	158
453	407
82	107
297	309
593	518
939	977
456	535
66	139
992	1017
368	325
379	413
256	311
818	797
266	222
162	125
83	43
335	392
77	150
800	783
681	617
46	87
907	893
213	114
860	772
514	487
747	777
867	908
316	273
724	789
598	526
989	1004
11	96
860	828
882	881
333	274
496	443
346	385
693	745
192	135
249	230
828	801
752	833
964	868
726	627
38	55
740	722
182	126
738	675
336	284
342	299
326	413
650	553
260	287
140	121
43	64
447	431
558	631
629	601
918	842
81	171
454	355
32	78
319	369
105	156
479	469
159	63
626	654
187	114
378	293
348	321
62	30
785	754
405	505
577	652
420	338
237	186
682	683
66	106
228	185
569	538
45	102
27	42
620	543
698	760
844	762
244	329
268	356
240	323
814	797
59	60
689	591
228	231
372	430
771	807
718	654
183	236
470	535
989	972
614	619
930	1024
554	624
852	784
663	741
395	346
218	240
539	618
851	827
438	399
776	869
894	969
59	60
874	903
973	901
476	453
890	878
488	437
938	912
21	43
857	819
456	466
569	520
530	557
422	415
250	234
791	725
962	884
303	391
100	162
217	236
230	229
635	546
47	33
399	372
149	127
628	585
74	128
246	149
335	261
177	177
745	749
922	902
890	964
599	633
143	190
841	927
205	289
16	69
527	441
762	834
222	296
374	347
843	901
900	870
270	245
651	619
468	480
665	668
678	606
501	409
911	868
800	742
709	718
598	669
104	160
16	82
582	522
404	324
53	22
916	899
299	323
125	72
76	145
142	73
582	619
421	402
863	884
781	872
353	340
243	303
842	845
140	77
827	867
720	779
688	735
569	540
587	574
29	38
738	679
637	733
867	821
31	68
988	932
384	318
652	611
684	690
687	717
554	529
710	712
997	990
717	673
574	578
19	82
388	442
759	678
438	371
261	354
567	488
783	710
933	871
68	29
676	746
281	352
295	285
891	921
69	130
350	423
620	524
842	885
74	89
705	716
202	284
329	425
830	770
824	820
717	759
359	372
68	126
263	344
844	937
523	600
333	380
802	825
88	62
315	370
14	44
440	431
574	534
370	274
349	263
56	143
104	183
904	837
757	797
504	520
991	956
610	520
354	331
778	731
640	542
484	466
375	326
757	776
92	80
144	152
71	139
810	727
932	942
121	152
920	826
633	648
619	612
855	832
638	570
717	773
520	453
53	73
412	416
610	575
711	793
677	706
835	825
839	791
406	438
634	723
874	875
126	162
