150
300
463
608
632
592
463
587
499
566
462
549
519
600
599
615
606
595
551
452
606
551
532
473
551
444
499
445
457
425
623
542
448
553
459
517
488
585
617
630
436
469
609
627
443
581
543
576
445
608
438
483
489
601
464
552
462
456
521
543
455
430
493
466
611
486
611
475
450
439
631
570
562
614
442
495
588
488
478
423
482
472
597
616
477
581
465
474
529
496
611
535
505
431
574
480
464
594
523
448
517
521
550
467
478
604
587
626
495
570
565
608
533
470
589
463
496
609
584
536
581
495
475
632
463
422
537
502
569
568
600
535
481
469
429
584
451
487
506
441
568
436
423
520
554
631
523
483
541
479
479
1113
98	49
712	742
743	821
132	186
585	512
698	615
322	250
43	96
266	318
564	607
222	268
620	548
742	663
116	145
755	753
707	631
727	808
451	356
358	374
777	682
87	63
700	710
961	985
855	900
320	334
973	1019
524	534
111	15
864	933
893	817
396	393
992	1012
100	2
33	18
224	178
290	227
587	579
606	581
559	494
85	47
485	424
307	332
742	685
655	598
769	793
92	71
373	356
190	153
412	373
58	43
672	721
214	240
402	455
761	662
935	1001
871	813
717	744
993	995
615	701
144	70
441	368
457	509
547	633
158	127
435	528
362	371
471	547
517	592
276	211
650	739
21	17
162	90
598	646
183	159
780	802
248	324
987	899
550	509
449	463
827	779
283	219
872	945
510	533
548	513
644	603
993	1036
474	479
298	244
61	101
557	565
504	417
140	98
836	838
508	450
369	302
888	827
76	38
559	602
973	878
900	963
1000	1039
95	17
605	530
698	623
142	201
798	756
304	211
951	1035
108	85
935	950
562	490
419	374
273	219
904	869
90	67
84	7
431	339
24	76
912	998
346	316
732	763
216	305
911	932
923	848
692	756
908	991
589	678
928	971
934	899
359	317
85	33
128	192
605	518
153	92
167	250
60	42
784	867
386	358
657	706
533	598
31	29
340	316
130	69
408	496
276	183
73	8
258	212
839	845
394	452
40	140
975	1036
71	115
552	600
667	747
966	1038
796	841
395	320
877	875
140	181
564	637
962	1057
729	799
96	74
92	139
736	678
989	950
638	551
550	625
621	640
658	583
569	531
87	87
978	961
456	383
88	43
239	338
49	21
397	344
865	954
569	666
552	483
796	708
387	359
720	746
220	314
630	603
760	686
361	369
915	832
738	656
297	370
667	750
340	405
612	574
142	98
918	873
509	481
511	610
994	918
880	830
316	309
464	519
491	401
926	947
843	759
462	412
243	225
914	968
967	975
658	693
313	381
445	471
953	902
960	1049
501	539
842	890
370	364
634	731
173	194
56	151
636	686
876	902
734	730
461	440
611	613
512	542
772	843
63	99
199	134
228	193
640	676
884	942
47	62
506	478
45	33
366	286
776	817
840	785
847	858
497	548
509	416
781	804
555	538
853	891
634	728
927	965
868	871
259	299
365	419
1000	973
248	155
476	380
986	1077
836	756
484	581
455	447
602	667
845	759
841	834
226	229
311	368
480	518
671	652
370	324
858	848
752	749
822	878
357	339
494	539
982	971
697	790
797	822
875	948
517	535
599	649
518	535
687	594
709	615
363	364
867	776
301	248
23	1
718	785
876	871
806	852
171	188
136	137
232	140
14	13
500	575
744	824
265	349
477	490
359	375
160	215
444	347
999	939
689	756
706	653
286	197
