150
300
477
529
559
462
445
580
505
421
480
418
498
585
559
540
596
453
478
466
600
549
482
420
414
532
491
509
482
501
524
511
464
532
436
451
444
569
549
504
516
536
444
491
571
499
587
604
586
464
576
476
512
431
543
522
528
487
566
526
527
438
443
580
449
519
560
586
524
457
464
485
417
585
481
406
509
435
547
502
447
425
505
591
535
499
517
469
480
493
552
523
593
590
440
435
457
459
467
551
430
460
448
417
567
407
578
430
579
461
535
523
405
578
548
523
410
405
476
408
475
455
603
440
455
552
558
508
579
434
453
449
529
473
427
413
565
576
406
581
581
463
496
525
576
528
496
492
508
559
469
1144
84	189
464	608
66	979
617	848
361	655
66	762
463	968
586	668
891	327
152	767
351	892
237	53
958	32
176	773
712	651
228	84
522	38
667	206
459	211
199	6
515	404
454	850
632	762
612	747
819	719
160	395
329	437
566	56
827	640
880	336
829	202
440	285
791	294
75	555
999	839
496	343
659	841
99	411
624	416
615	743
376	696
525	138
769	541
754	210
102	588
187	576
898	410
478	687
48	43
355	310
94	397
412	908
572	959
165	668
458	924
977	521
288	420
121	356
856	772
214	156
721	397
765	36
64	683
641	667
458	287
431	232
351	255
534	469
988	268
986	790
583	341
859	737
127	498
959	744
802	67
774	557
300	265
618	973
14	725
930	857
121	9
447	257
906	380
162	353
626	194
26	584
757	786
46	302
485	289
67	943
453	192
64	870
578	610
761	515
688	841
852	215
935	641
519	960
136	340
84	376
24	607
924	267
173	749
10	385
735	67
908	464
946	212
179	574
889	294
390	197
471	933
739	656
869	830
66	557
84	999
855	916
610	669
547	927
505	317
737	945
216	855
774	996
11	328
199	174
859	167
851	428
291	506
494	418
633	210
654	673
912	589
814	834
936	146
686	595
747	106
66	735
151	357
355	98
503	802
436	430
744	292
678	559
316	593
648	230
905	324
911	572
370	174
718	557
122	96
587	639
392	868
359	227
671	493
441	739
947	500
302	357
767	412
621	47
156	129
573	379
410	468
685	693
663	650
96	995
420	22
453	372
220	187
710	988
819	167
930	295
100	581
502	67
62	489
470	523
903	345
1000	410
488	386
56	349
206	745
164	620
946	340
720	978
450	943
840	306
593	963
896	781
187	340
585	625
700	2
183	260
51	307
509	354
593	38
129	723
940	19
783	161
653	754
931	584
805	921
107	494
884	449
568	621
890	139
724	655
690	39
11	938
346	446
422	572
81	833
257	480
220	400
330	601
569	112
797	423
379	663
479	656
307	410
405	113
141	401
667	37
915	744
178	108
139	490
446	680
124	393
819	84
782	577
51	718
377	14
255	134
484	850
717	687
677	308
835	726
461	686
58	673
48	173
143	499
989	534
185	549
935	559
506	478
772	676
701	309
906	740
336	998
145	995
147	204
540	824
667	807
706	82
825	262
820	598
524	478
122	740
732	843
387	388
94	478
748	587
819	201
779	322
253	471
542	672
769	151
391	159
723	642
97	813
897	986
780	276
186	286
945	635
38	251
541	382
585	6
639	796
368	239
499	936
310	648
374	59
256	959
562	119
11	855
329	167
679	358
478	605
937	874
292	43
453	717
257	495
972	691
869	161
264	530
471	814
50	497
749	930
873	852
358	338
741	783
360	264
216	377
