90
180
467
498
461
553
521
580
580
465
552
481
554
452
422
505
450
543
502
569
412
571
432
428
607
445
521
442
534
576
444
457
559
518
447
419
452
601
587
519
484
553
449
585
606
429
429
445
456
428
512
489
547
614
483
469
421
609
583
423
609
513
415
542
570
468
584
464
552
462
493
437
524
463
506
514
495
446
484
495
416
545
423
440
526
593
491
509
617
588
433
1625
728	728
40	40
860	860
831	831
955	955
812	812
326	326
68	68
84	84
406	406
718	718
161	161
579	579
994	994
268	268
405	405
626	626
221	221
556	556
129	129
691	691
547	547
783	783
729	729
249	249
962	962
251	251
816	816
775	775
818	818
477	477
230	230
309	309
941	941
194	194
738	738
232	232
888	888
605	605
261	261
429	429
297	297
766	766
897	897
330	330
916	916
110	110
186	186
967	967
721	721
479	479
566	566
796	796
928	928
905	905
638	638
939	939
736	736
668	668
67	67
500	500
139	139
76	76
745	745
487	487
837	837
922	922
660	660
665	665
99	99
443	443
730	730
185	185
754	754
140	140
325	325
197	197
56	56
54	54
197	197
71	71
960	960
29	29
180	180
79	79
492	492
903	903
66	66
739	739
328	328
540	540
401	401
952	952
999	999
602	602
200	200
724	724
677	677
590	590
828	828
638	638
580	580
631	631
482	482
228	228
736	736
508	508
315	315
42	42
143	143
125	125
623	623
290	290
21	21
434	434
507	507
147	147
895	895
235	235
708	708
904	904
134	134
854	854
374	374
724	724
952	952
349	349
941	941
450	450
456	456
15	15
118	118
882	882
402	402
479	479
797	797
276	276
162	162
924	924
262	262
157	157
826	826
979	979
889	889
48	48
192	192
113	113
734	734
857	857
456	456
237	237
200	200
609	609
785	785
649	649
89	89
752	752
554	554
285	285
264	264
911	911
726	726
240	240
809	809
640	640
248	248
980	980
813	813
875	875
567	567
545	545
919	919
142	142
272	272
858	858
253	253
442	442
955	955
560	560
416	416
