150
300
433
465
564
439
424
465
560
604
492
554
598
542
426
576
439
569
506
585
488
542
589
607
461
582
601
442
607
571
424
488
457
463
417
431
564
509
567
587
493
573
420
421
485
538
494
613
589
454
489
559
598
448
504
449
540
480
573
529
460
486
435
424
547
442
479
484
501
448
464
435
492
606
425
608
514
493
461
419
538
432
453
587
497
562
577
580
589
555
441
539
596
509
467
617
553
424
507
422
452
542
459
590
439
499
603
561
468
458
526
570
576
478
600
522
553
457
596
532
557
473
519
464
524
485
507
522
502
544
455
549
528
450
444
534
556
617
474
612
503
500
423
606
422
462
421
503
567
536
515
1165
448	43
70	25
450	768
708	589
171	763
883	762
343	438
622	560
378	105
648	184
260	533
352	837
886	937
657	858
905	596
69	949
719	252
854	994
16	407
49	242
12	80
522	837
546	812
145	438
182	485
859	703
922	358
543	213
213	977
502	628
249	406
899	478
69	396
830	832
797	629
561	534
77	749
813	560
780	251
428	397
842	659
669	271
677	899
844	143
846	485
18	834
506	869
495	731
197	499
608	444
392	707
511	544
935	35
776	779
22	828
979	91
76	485
678	104
278	220
891	515
757	942
653	555
435	234
864	485
784	857
706	965
657	496
838	896
78	937
388	340
454	431
618	418
326	393
458	187
642	273
750	457
793	101
849	335
815	565
741	292
159	502
747	155
646	438
929	990
519	425
587	485
720	372
707	122
762	16
672	895
10	57
186	178
384	680
269	879
870	349
282	14
384	897
451	775
763	931
668	843
345	969
490	845
625	314
324	953
457	490
961	532
952	997
323	429
969	903
329	49
56	196
203	365
382	851
434	440
588	656
631	478
190	314
110	53
269	506
770	513
166	918
998	331
191	101
993	42
653	500
693	944
173	64
727	64
892	68
418	230
196	949
703	1000
652	404
548	899
47	621
263	946
547	678
553	450
889	265
346	625
351	397
991	281
150	730
655	911
440	292
222	921
752	498
468	288
913	455
955	802
589	377
168	170
903	880
422	516
364	505
262	867
679	331
758	246
399	698
273	483
99	771
560	450
746	879
73	302
116	651
517	175
839	918
622	955
372	373
376	542
260	420
15	1000
170	238
746	950
508	983
433	435
46	952
198	912
947	787
956	546
84	447
368	828
168	510
213	844
964	509
221	242
536	500
560	30
37	22
686	897
298	259
431	736
94	556
111	636
504	735
354	605
557	732
751	32
958	463
135	694
234	608
786	487
392	887
179	583
333	395
341	824
940	852
322	128
755	807
55	805
715	427
830	70
781	738
949	683
995	50
959	672
851	493
24	846
316	774
820	522
816	500
367	626
933	139
395	437
454	129
16	371
268	615
743	613
100	825
215	910
478	824
972	722
899	261
877	581
37	8
35	560
87	523
594	127
921	920
641	30
362	218
807	142
923	707
608	219
401	697
872	1000
630	526
811	404
603	440
180	350
703	791
634	951
546	846
948	312
858	579
619	820
424	274
563	159
45	230
833	415
501	721
255	401
197	719
812	751
688	598
941	273
588	977
301	497
330	126
204	860
195	387
256	30
358	696
164	85
56	65
147	41
900	539
818	26
71	617
750	178
722	39
319	628
313	239
984	310
386	986
336	915
341	202
233	964
639	925
652	48
699	212
811	481
942	293
891	714
385	254
898	341
238	35
138	393
796	369
303	813
