150
300
499
484
440
432
537
541
522
396
411
542
439
500
402
487
528
521
497
560
384
410
408
490
448
525
423
456
523
385
464
446
402
497
561
392
432
540
544
559
480
419
391
520
558
434
434
573
491
418
422
399
421
478
437
540
470
389
399
414
540
464
539
437
425
437
454
422
444
459
411
547
400
558
533
461
531
485
561
503
409
386
390
557
530
394
473
564
505
470
428
532
463
441
472
404
520
483
539
453
452
390
499
514
512
439
492
565
462
470
566
477
450
561
506
399
431
486
558
443
402
456
424
561
396
516
560
484
406
453
472
557
560
404
400
530
538
388
565
457
519
525
554
504
527
503
490
447
420
505
540
1288
416	416
403	403
862	862
548	548
351	351
192	192
261	261
200	200
747	747
827	827
238	238
430	430
504	504
669	669
729	729
593	593
359	359
608	608
44	44
29	29
79	79
544	544
820	820
536	536
60	60
402	402
91	91
383	383
26	26
253	253
349	349
859	859
629	629
97	97
638	638
129	129
889	889
915	915
972	972
962	962
117	117
632	632
589	589
659	659
112	112
204	204
22	22
279	279
204	204
386	386
968	968
496	496
242	242
301	301
131	131
368	368
723	723
298	298
212	212
308	308
683	683
992	992
555	555
628	628
338	338
389	389
560	560
863	863
288	288
17	17
793	793
139	139
981	981
131	131
955	955
642	642
272	272
182	182
160	160
103	103
136	136
381	381
407	407
989	989
862	862
60	60
815	815
863	863
493	493
905	905
468	468
93	93
775	775
305	305
598	598
454	454
187	187
343	343
793	793
125	125
871	871
832	832
216	216
932	932
142	142
459	459
310	310
486	486
920	920
129	129
309	309
120	120
187	187
892	892
760	760
651	651
874	874
562	562
844	844
252	252
781	781
965	965
870	870
163	163
221	221
547	547
621	621
173	173
521	521
506	506
950	950
807	807
964	964
455	455
830	830
696	696
779	779
10	10
500	500
994	994
175	175
205	205
728	728
553	553
883	883
605	605
37	37
244	244
44	44
536	536
465	465
959	959
653	653
638	638
12	12
641	641
96	96
998	998
70	70
456	456
994	994
799	799
605	605
550	550
909	909
107	107
554	554
914	914
750	750
646	646
167	167
557	557
817	817
728	728
53	53
860	860
275	275
676	676
368	368
232	232
346	346
592	592
291	291
556	556
725	725
579	579
484	484
234	234
323	323
775	775
739	739
348	348
99	99
452	452
92	92
661	661
157	157
778	778
642	642
264	264
393	393
759	759
696	696
244	244
105	105
735	735
258	258
602	602
873	873
583	583
292	292
650	650
621	621
53	53
108	108
740	740
64	64
686	686
548	548
323	323
61	61
18	18
621	621
979	979
527	527
242	242
573	573
98	98
169	169
322	322
471	471
428	428
410	410
958	958
265	265
757	757
24	24
283	283
381	381
429	429
857	857
230	230
424	424
377	377
863	863
389	389
65	65
403	403
214	214
426	426
283	283
74	74
353	353
618	618
57	57
604	604
645	645
259	259
864	864
370	370
333	333
654	654
833	833
478	478
409	409
362	362
789	789
521	521
677	677
319	319
15	15
233	233
887	887
942	942
950	950
768	768
107	107
791	791
608	608
583	583
306	306
554	554
463	463
77	77
360	360
469	469
738	738
749	749
497	497
25	25
607	607
832	832
259	259
485	485
836	836
510	510
102	102
437	437
49	49
570	570
