90
180
604
583
567
421
571
609
458
490
601
523
468
594
499
457
478
459
473
490
485
536
515
499
590
528
600
479
455
545
503
517
431
600
497
522
414
568
464
447
566
428
495
538
610
537
499
523
581
433
495
463
474
594
469
548
447
424
570
597
442
588
518
461
421
556
476
528
431
460
474
458
519
535
439
465
420
424
504
458
464
477
518
529
529
485
480
488
440
448
581
1461
19	19
221	221
497	497
566	566
905	905
312	312
840	840
913	913
282	282
890	890
436	436
993	993
624	624
431	431
381	381
482	482
543	543
731	731
161	161
974	974
851	851
723	723
271	271
629	629
599	599
482	482
257	257
579	579
385	385
107	107
738	738
844	844
395	395
862	862
783	783
211	211
847	847
471	471
912	912
885	885
519	519
52	52
415	415
906	906
517	517
849	849
810	810
212	212
597	597
500	500
237	237
197	197
517	517
391	391
494	494
466	466
471	471
785	785
39	39
69	69
436	436
412	412
880	880
402	402
960	960
706	706
325	325
184	184
751	751
86	86
310	310
680	680
673	673
86	86
863	863
622	622
827	827
410	410
113	113
656	656
614	614
615	615
171	171
519	519
806	806
236	236
726	726
724	724
261	261
569	569
886	886
275	275
538	538
560	560
774	774
423	423
523	523
808	808
914	914
202	202
545	545
686	686
720	720
789	789
143	143
152	152
916	916
211	211
748	748
736	736
632	632
742	742
47	47
201	201
484	484
450	450
509	509
315	315
589	589
21	21
476	476
305	305
204	204
328	328
202	202
40	40
496	496
344	344
903	903
473	473
940	940
538	538
855	855
467	467
626	626
805	805
607	607
308	308
146	146
105	105
237	237
44	44
907	907
483	483
499	499
722	722
405	405
908	908
103	103
62	62
663	663
779	779
64	64
954	954
849	849
907	907
885	885
886	886
949	949
431	431
515	515
161	161
340	340
647	647
289	289
361	361
659	659
94	94
1000	1000
48	48
731	731
110	110
76	76
285	285
436	436
525	525
831	831
706	706
454	454
207	207
