90
180
450
528
509
577
469
425
572
432
495
460
410
436
551
515
455
562
482
461
575
452
431
528
415
539
438
447
565
496
545
570
470
575
578
418
537
565
563
453
411
399
508
469
433
475
537
412
529
471
460
532
578
536
531
455
469
405
505
466
436
544
509
454
432
496
404
547
472
488
476
469
454
443
468
395
497
484
570
566
394
407
494
417
483
425
405
518
451
588
394
1113
844	821
848	770
102	164
203	191
88	70
465	502
695	752
47	88
368	393
547	640
766	673
690	721
405	401
339	399
718	670
157	105
478	548
149	139
657	739
417	484
183	176
330	313
391	461
818	911
506	425
274	177
709	645
905	991
917	992
369	439
280	346
798	723
909	856
397	367
430	341
975	981
73	153
566	630
126	171
397	452
26	30
305	367
154	184
191	135
728	747
551	633
358	382
985	899
555	618
692	747
906	887
311	401
81	86
264	334
847	859
645	712
303	213
846	752
834	793
268	253
478	549
422	340
564	645
711	759
839	855
300	235
961	939
462	448
565	652
531	622
34	79
288	361
826	830
353	429
883	807
647	610
110	118
876	801
79	8
339	412
113	59
766	753
99	132
327	279
728	699
858	758
555	606
726	733
989	993
423	518
51	26
605	645
332	290
62	98
191	166
335	386
532	476
366	308
436	482
963	1006
195	283
451	355
630	582
836	817
847	907
421	495
577	628
673	725
981	1037
274	257
733	786
839	905
133	211
358	367
978	1030
809	774
369	462
387	306
316	311
561	574
958	1006
215	315
931	1005
495	537
253	228
905	921
954	877
181	159
80	43
550	580
36	22
522	475
741	818
723	671
767	802
727	653
488	430
115	146
20	93
306	223
49	52
867	841
137	69
991	1042
30	34
255	218
680	779
163	192
58	141
315	225
821	839
585	631
372	333
402	428
843	870
160	153
258	350
608	547
216	159
728	741
231	132
88	26
551	549
793	806
337	289
100	139
358	291
940	916
258	294
358	297
741	764
795	735
982	1069
226	293
157	99
594	686
549	568
228	284
443	351
934	1015
