75
375
1338
1094
1059
1298
1273
1431
1364
1162
1359
1108
1137
1283
1475
1340
1457
1134
1105
1241
1081
1175
1077
1167
1458
1140
1379
1375
1175
1155
1260
1288
1335
1083
1392
1419
1282
1332
1045
1276
1010
1252
1414
1240
1157
1466
1063
1413
1225
1388
1416
1016
1017
1195
1213
1374
1150
1120
1289
1089
1148
1181
1278
1496
1355
1078
1264
1014
1331
1024
1187
1390
1428
1017
1126
1098
2407
343	343
798	798
423	423
691	691
349	349
308	308
106	106
369	369
788	788
667	667
749	749
425	425
122	122
440	440
862	862
646	646
254	254
63	63
999	999
704	704
701	701
547	547
57	57
523	523
822	822
288	288
525	525
844	844
19	19
352	352
56	56
146	146
842	842
127	127
865	865
236	236
147	147
776	776
885	885
121	121
860	860
67	67
570	570
10	10
54	54
346	346
170	170
534	534
722	722
290	290
102	102
72	72
526	526
199	199
261	261
835	835
147	147
387	387
894	894
111	111
38	38
887	887
106	106
903	903
530	530
594	594
728	728
730	730
582	582
772	772
995	995
337	337
479	479
586	586
534	534
820	820
251	251
569	569
12	12
842	842
277	277
241	241
555	555
876	876
450	450
540	540
11	11
562	562
715	715
615	615
208	208
691	691
915	915
219	219
160	160
101	101
85	85
686	686
460	460
35	35
732	732
629	629
497	497
628	628
284	284
833	833
917	917
185	185
78	78
243	243
279	279
379	379
706	706
765	765
611	611
172	172
386	386
565	565
149	149
155	155
770	770
426	426
975	975
822	822
944	944
571	571
554	554
761	761
356	356
772	772
279	279
609	609
891	891
182	182
218	218
109	109
91	91
243	243
835	835
353	353
846	846
846	846
893	893
498	498
129	129
692	692
272	272
267	267
751	751
753	753
755	755
367	367
107	107
161	161
576	576
821	821
361	361
564	564
865	865
586	586
831	831
61	61
36	36
380	380
134	134
356	356
548	548
373	373
273	273
993	993
763	763
699	699
665	665
59	59
27	27
206	206
202	202
476	476
363	363
328	328
203	203
756	756
289	289
659	659
608	608
924	924
857	857
176	176
299	299
968	968
769	769
617	617
115	115
378	378
148	148
20	20
345	345
525	525
728	728
599	599
710	710
139	139
81	81
697	697
649	649
880	880
843	843
792	792
765	765
532	532
94	94
616	616
148	148
397	397
24	24
922	922
878	878
550	550
587	587
132	132
798	798
998	998
172	172
668	668
538	538
535	535
863	863
301	301
532	532
226	226
358	358
467	467
392	392
387	387
717	717
714	714
823	823
593	593
917	917
272	272
367	367
785	785
427	427
497	497
965	965
52	52
598	598
619	619
618	618
735	735
950	950
178	178
809	809
963	963
997	997
855	855
633	633
904	904
944	944
44	44
463	463
288	288
64	64
213	213
981	981
313	313
268	268
158	158
55	55
744	744
767	767
65	65
631	631
199	199
105	105
295	295
820	820
73	73
773	773
828	828
284	284
962	962
914	914
829	829
176	176
670	670
506	506
70	70
422	422
762	762
906	906
88	88
799	799
907	907
702	702
637	637
475	475
309	309
926	926
584	584
153	153
200	200
153	153
300	300
900	900
477	477
288	288
304	304
952	952
309	309
528	528
948	948
369	369
356	356
13	13
585	585
624	624
31	31
888	888
409	409
288	288
146	146
832	832
374	374
186	186
533	533
189	189
986	986
207	207
341	341
684	684
410	410
845	845
46	46
978	978
482	482
749	749
982	982
53	53
980	980
387	387
845	845
803	803
141	141
74	74
976	976
517	517
886	886
872	872
376	376
792	792
831	831
54	54
977	977
510	510
751	751
76	76
753	753
768	768
78	78
950	950
405	405
148	148
331	331
767	767
604	604
228	228
676	676
181	181
910	910
954	954
699	699
97	97
13	13
918	918
