90
180
501
467
451
455
627
464
460
480
444
548
623
471
556
596
526
604
492
586
542
456
517
491
561
605
532
574
483
524
473
561
445
492
495
491
442
541
514
636
639
518
483
540
551
542
442
599
584
597
593
448
468
558
448
580
608
540
436
515
571
532
565
465
640
530
485
523
636
525
577
619
451
454
481
571
528
452
553
511
539
569
469
527
487
620
518
565
470
518
548
1443
880	890
372	382
829	839
355	365
440	450
330	340
791	801
357	367
75	85
690	700
999	1009
911	921
496	506
388	398
659	669
102	112
99	109
627	637
624	634
434	444
615	625
905	915
376	386
858	868
525	535
174	184
769	779
748	758
754	764
390	400
102	112
615	625
187	197
801	811
898	908
419	429
478	488
768	778
48	58
187	197
355	365
517	527
94	104
604	614
412	422
989	999
572	582
22	32
165	175
884	894
458	468
951	961
977	987
539	549
288	298
636	646
121	131
554	564
856	866
880	890
214	224
444	454
721	731
424	434
765	775
171	181
64	74
836	846
641	651
838	848
458	468
449	459
431	441
403	413
351	361
471	481
534	544
514	524
988	998
403	413
986	996
961	971
583	593
548	558
859	869
764	774
127	137
561	571
959	969
942	952
802	812
139	149
774	784
773	783
300	310
373	383
618	628
99	109
14	24
968	978
930	940
866	876
121	131
234	244
447	457
437	447
906	916
524	534
162	172
533	543
626	636
464	474
26	36
674	684
757	767
948	958
46	56
500	510
485	495
433	443
67	77
222	232
453	463
435	445
64	74
951	961
578	588
853	863
761	771
650	660
688	698
12	22
852	862
413	423
935	945
848	858
519	529
212	222
136	146
610	620
84	94
538	548
24	34
643	653
924	934
402	412
173	183
803	813
10	20
619	629
735	745
157	167
908	918
680	690
946	956
347	357
179	189
583	593
889	899
501	511
390	400
467	477
471	481
960	970
739	749
800	810
869	879
920	930
66	76
809	819
84	94
215	225
855	865
186	196
610	620
948	958
547	557
954	964
505	515
578	588
