75
225
933
930
638
810
912
802
930
792
805
825
807
864
752
744
641
914
900
839
698
656
828
782
771
853
792
760
737
722
665
761
693
653
704
892
937
642
913
703
759
929
640
872
874
869
680
690
684
898
750
796
674
846
849
821
842
701
708
673
938
818
786
676
851
756
847
861
710
785
930
712
761
708
934
698
1335
730	441
817	743
727	600
842	709
729	56
449	658
443	403
257	271
390	342
298	169
587	712
507	489
962	991
769	360
266	376
816	802
940	613
141	347
198	612
263	663
473	173
275	814
849	532
697	705
284	768
207	438
820	155
82	314
66	956
727	151
987	905
101	923
639	720
355	451
191	120
759	544
33	531
710	474
372	815
915	554
337	38
705	876
923	386
612	581
216	941
989	337
861	416
494	248
302	418
519	473
319	412
365	560
472	26
146	229
198	340
190	765
745	942
640	212
756	485
510	466
78	363
329	742
665	941
926	377
967	939
390	989
558	895
976	157
770	58
840	366
628	315
150	127
613	313
939	101
345	188
734	994
995	374
655	119
350	400
960	991
663	178
20	270
57	99
696	633
735	530
130	104
275	68
140	210
794	183
647	431
79	46
884	196
116	862
742	147
164	760
584	81
164	841
419	748
312	366
427	60
867	852
467	352
96	278
991	125
857	856
692	483
511	268
928	953
367	219
582	202
720	183
353	647
806	62
582	551
78	1
387	588
574	630
181	184
292	282
864	64
204	139
185	464
578	414
468	687
417	340
998	821
878	643
322	306
56	18
594	736
386	588
489	147
888	745
736	600
367	1
786	300
980	274
185	510
436	396
657	600
881	323
67	466
721	5
183	680
835	621
574	54
586	135
23	512
690	580
655	526
58	472
40	576
206	75
795	454
542	781
43	740
954	302
658	300
632	21
60	476
85	750
543	417
257	465
27	700
743	489
413	588
390	626
580	20
622	23
103	823
656	955
901	929
660	614
849	872
362	26
572	939
395	791
749	897
266	827
848	110
328	558
582	337
703	974
829	537
639	638
388	1
770	724
854	537
909	867
735	736
886	710
916	631
226	630
354	31
789	286
485	382
802	148
645	486
634	683
760	574
683	175
796	141
250	713
261	780
337	404
309	299
373	951
982	423
648	124
534	515
314	327
407	236
188	355
249	441
52	506
910	659
750	860
504	786
673	202
710	648
253	307
789	434
458	910
960	195
781	401
