150
300
607
547
483
429
499
608
595
449
559
573
476
497
438
512
446
427
436
422
496
432
556
613
520
469
420
458
446
482
600
495
516
545
414
598
570
484
610
503
468
426
591
434
536
533
479
517
418
424
581
429
517
607
589
551
424
424
592
596
429
416
593
427
555
534
593
515
598
516
513
600
524
487
534
575
495
497
449
552
542
499
478
609
488
493
583
580
555
553
422
429
573
558
483
542
450
596
492
588
413
448
422
565
617
419
598
525
482
535
482
571
493
432
549
505
422
412
555
484
531
597
438
555
492
550
466
608
494
575
557
509
418
603
498
501
469
547
431
496
420
617
420
498
590
516
416
595
506
513
425
1232
563	560
296	346
327	373
375	432
537	448
912	859
825	813
258	353
640	732
183	111
359	403
883	803
205	304
434	448
978	894
680	583
139	209
792	869
619	577
814	718
771	730
96	33
742	836
158	142
301	300
720	699
800	868
109	157
173	241
312	269
192	117
493	408
422	357
508	474
732	734
18	53
631	601
55	32
970	902
998	1020
255	208
248	285
127	131
485	474
607	686
232	175
666	745
991	892
180	279
574	500
970	984
585	600
622	550
772	831
918	875
860	874
75	153
587	633
862	904
353	442
673	581
544	517
545	625
914	936
677	712
588	682
840	743
799	730
231	183
503	416
463	536
359	403
409	499
101	126
797	760
916	1010
981	1030
348	281
378	336
533	495
789	820
381	462
597	607
86	58
72	96
749	775
323	264
154	228
504	522
890	944
212	247
554	465
201	281
651	697
173	197
205	130
291	250
615	691
179	216
890	882
313	240
440	480
898	877
772	845
895	987
978	955
678	653
13	1
148	151
97	162
536	474
437	488
163	107
21	106
413	366
966	921
179	219
252	205
466	443
190	166
305	227
535	503
170	159
666	668
557	562
532	602
391	442
512	604
101	176
276	311
513	509
548	605
711	633
229	131
643	656
914	870
654	737
824	725
127	68
812	859
1000	1024
932	973
80	49
406	427
889	904
245	215
51	107
627	717
139	47
323	257
500	539
262	254
531	452
429	423
372	337
174	211
22	80
940	887
996	951
733	772
948	907
622	691
624	549
830	809
329	272
631	626
128	112
47	9
847	941
695	670
803	755
407	350
524	613
884	937
309	357
464	484
421	367
835	907
910	976
341	285
127	145
222	277
262	362
424	378
782	871
555	499
448	503
49	82
358	448
634	547
829	798
288	376
582	540
785	865
851	882
991	965
501	431
437	402
959	1019
538	549
829	750
504	451
458	557
335	283
549	506
625	701
865	873
868	913
598	538
240	311
930	967
395	381
739	755
571	668
317	280
174	90
401	476
686	786
837	829
383	468
104	181
734	676
416	476
919	958
66	153
477	388
34	75
232	139
219	292
167	69
874	860
135	71
424	386
235	288
271	240
910	845
407	362
237	259
975	941
729	775
925	931
570	625
563	502
715	653
660	619
322	283
508	598
964	946
789	715
242	241
970	1048
586	497
771	774
921	884
936	990
729	653
204	153
204	287
556	584
322	256
759	822
169	189
682	707
157	143
312	366
104	25
770	801
622	693
282	303
910	881
477	569
357	442
898	984
989	979
604	602
259	269
675	616
976	932
193	147
167	183
988	1002
948	865
773	767
28	1
268	172
360	357
331	265
430	451
467	435
469	558
180	153
331	318
808	832
910	876
772	798
554	507
503	589
134	201
90	174
704	785
