75
225
823
663
628
884
778
600
871
685
674
771
833
667
653
795
668
725
676
629
750
798
609
793
786
680
816
849
867
628
879
664
621
605
726
816
616
726
766
887
681
764
740
886
621
862
621
664
809
615
802
773
624
841
645
862
823
831
606
868
618
802
707
607
681
712
736
830
714
709
784
756
890
893
896
652
1508
447	8
586	201
302	440
331	761
538	325
541	109
312	888
982	851
596	429
120	385
586	541
400	705
953	357
136	351
995	486
746	217
645	358
608	358
608	272
95	362
23	23
888	113
835	697
694	42
649	130
455	566
623	933
504	856
171	963
621	735
718	973
656	370
740	964
635	484
921	636
167	849
721	939
251	143
971	512
949	176
658	826
258	871
645	935
350	784
76	399
487	702
311	735
656	535
611	994
276	706
35	549
35	301
549	642
45	856
269	463
864	878
614	679
771	444
558	674
140	314
885	73
936	611
36	933
374	696
296	832
230	489
947	91
678	590
234	146
534	315
823	741
252	259
345	760
301	606
499	182
765	830
992	609
563	998
712	557
796	628
531	542
373	241
75	175
791	78
405	684
295	993
68	602
609	760
698	429
289	85
175	787
643	971
351	848
902	504
420	664
761	364
101	172
742	241
282	543
692	914
664	705
116	233
760	206
30	540
313	423
297	248
711	649
999	865
130	76
744	713
709	679
788	263
601	986
551	945
893	541
462	509
580	871
692	324
331	473
405	88
832	764
181	104
559	528
709	970
151	566
38	544
582	89
971	638
617	464
104	682
607	343
618	61
420	759
234	889
282	691
31	844
629	621
758	68
582	784
207	227
330	39
944	630
333	749
113	360
555	767
990	956
535	727
646	26
545	2
757	497
756	516
136	343
157	914
296	197
156	73
616	607
417	430
702	706
816	813
556	94
719	37
872	142
103	995
338	653
162	839
672	356
214	132
402	842
761	12
935	187
871	651
717	635
993	354
615	453
144	263
441	455
457	635
547	257
158	125
435	214
362	29
471	81
517	859
276	156
650	265
21	677
914	910
47	562
751	949
301	654
954	221
457	924
868	370
915	260
189	620
197	4
153	782
748	393
983	314
762	590
840	939
218	411
750	235
626	962
996	494
534	270
172	870
68	701
107	265
262	216
781	816
502	40
492	289
344	955
239	711
710	775
462	816
195	542
287	680
273	899
290	789
203	133
236	690
357	9
68	791
