150
300
447
570
431
485
593
455
505
458
579
451
491
448
584
482
432
448
445
608
608
454
580
546
530
553
466
490
598
528
555
434
440
493
487
587
457
584
514
489
537
426
543
434
440
431
520
483
501
464
481
504
499
577
431
420
486
546
443
524
498
536
415
608
411
567
448
560
521
606
437
556
540
590
575
435
482
482
502
584
432
474
499
536
570
411
478
442
495
475
597
433
480
525
449
502
428
595
553
474
604
594
521
424
556
530
412
434
454
542
410
435
480
506
447
485
416
412
432
438
599
440
507
593
467
579
512
578
459
577
551
440
479
549
592
462
583
585
522
591
466
560
535
471
531
556
418
590
445
455
494
1614
788	788
324	324
627	627
562	562
730	730
740	740
657	657
138	138
966	966
609	609
633	633
774	774
581	581
843	843
72	72
48	48
73	73
225	225
813	813
68	68
457	457
993	993
237	237
643	643
212	212
899	899
477	477
470	470
63	63
401	401
874	874
263	263
380	380
474	474
214	214
615	615
741	741
899	899
909	909
483	483
568	568
533	533
358	358
45	45
67	67
493	493
509	509
229	229
991	991
350	350
438	438
852	852
646	646
131	131
390	390
594	594
705	705
557	557
802	802
802	802
349	349
496	496
484	484
745	745
65	65
721	721
493	493
474	474
58	58
646	646
109	109
486	486
148	148
42	42
262	262
203	203
433	433
487	487
731	731
325	325
51	51
150	150
168	168
223	223
548	548
474	474
850	850
876	876
342	342
249	249
350	350
786	786
204	204
383	383
673	673
607	607
557	557
973	973
945	945
42	42
875	875
67	67
308	308
262	262
874	874
920	920
476	476
650	650
763	763
869	869
999	999
149	149
924	924
508	508
591	591
387	387
558	558
308	308
20	20
466	466
737	737
157	157
692	692
996	996
606	606
752	752
497	497
900	900
753	753
114	114
422	422
121	121
731	731
668	668
486	486
427	427
46	46
820	820
109	109
956	956
635	635
992	992
219	219
76	76
505	505
227	227
545	545
803	803
445	445
263	263
234	234
755	755
565	565
364	364
722	722
58	58
789	789
805	805
698	698
462	462
439	439
763	763
981	981
683	683
697	697
226	226
188	188
369	369
750	750
339	339
812	812
852	852
317	317
833	833
105	105
313	313
682	682
982	982
351	351
107	107
668	668
411	411
424	424
983	983
645	645
985	985
623	623
664	664
677	677
174	174
988	988
740	740
430	430
681	681
883	883
81	81
493	493
48	48
837	837
107	107
287	287
895	895
244	244
108	108
315	315
539	539
28	28
638	638
268	268
322	322
497	497
72	72
72	72
324	324
543	543
30	30
772	772
848	848
807	807
845	845
819	819
640	640
657	657
836	836
776	776
306	306
860	860
536	536
330	330
815	815
656	656
157	157
22	22
43	43
582	582
897	897
899	899
879	879
379	379
468	468
289	289
780	780
712	712
589	589
173	173
736	736
979	979
243	243
581	581
925	925
70	70
649	649
20	20
710	710
872	872
610	610
309	309
108	108
758	758
664	664
853	853
730	730
606	606
996	996
165	165
857	857
80	80
215	215
787	787
811	811
197	197
903	903
551	551
762	762
32	32
852	852
873	873
94	94
297	297
831	831
63	63
839	839
279	279
354	354
812	812
117	117
591	591
355	355
70	70
459	459
784	784
45	45
358	358
80	80
430	430
499	499
166	166
757	757
453	453
566	566
