75
225
644
769
748
818
716
641
669
649
858
738
737
686
740
896
766
789
703
619
660
873
893
633
904
619
882
838
653
611
894
786
704
874
629
639
901
893
725
723
771
642
669
664
869
657
828
645
783
750
795
834
744
806
791
666
721
721
903
770
704
668
809
900
825
630
771
720
620
701
808
671
622
856
899
791
1804
695	705
762	772
608	618
583	593
926	936
57	67
160	170
221	231
278	288
615	625
462	472
195	205
327	337
77	87
242	252
979	989
995	1005
800	810
256	266
801	811
403	413
206	216
597	607
106	116
646	656
587	597
482	492
287	297
921	931
608	618
482	492
924	934
544	554
585	595
180	190
768	778
474	484
24	34
123	133
727	737
596	606
19	29
106	116
405	415
666	676
235	245
389	399
307	317
117	127
800	810
878	888
283	293
597	607
900	910
207	217
932	942
244	254
706	716
986	996
330	340
63	73
983	993
524	534
255	265
923	933
754	764
558	568
193	203
571	581
380	390
70	80
525	535
739	749
958	968
761	771
564	574
745	755
368	378
446	456
735	745
910	920
696	706
161	171
554	564
193	203
276	286
107	117
994	1004
492	502
682	692
929	939
943	953
585	595
377	387
960	970
31	41
705	715
624	634
779	789
757	767
795	805
738	748
175	185
885	895
267	277
595	605
100	110
53	63
896	906
606	616
281	291
486	496
976	986
814	824
492	502
592	602
735	745
241	251
318	328
691	701
271	281
172	182
939	949
964	974
356	366
429	439
977	987
178	188
249	259
436	446
638	648
434	444
495	505
943	953
110	120
469	479
356	366
951	961
518	528
74	84
424	434
194	204
187	197
325	335
393	403
193	203
990	1000
333	343
693	703
754	764
896	906
117	127
939	949
519	529
160	170
319	329
120	130
163	173
788	798
190	200
409	419
1000	1010
622	632
199	209
108	118
277	287
511	521
546	556
431	441
774	784
878	888
76	86
518	528
912	922
427	437
458	468
660	670
679	689
410	420
804	814
227	237
157	167
14	24
725	735
122	132
918	928
277	287
756	766
585	595
951	961
770	780
124	134
224	234
179	189
728	738
997	1007
896	906
168	178
193	203
836	846
416	426
632	642
804	814
336	346
352	362
552	562
567	577
727	737
665	675
850	860
117	127
886	896
711	721
127	137
106	116
566	576
962	972
203	213
831	841
221	231
184	194
235	245
607	617
466	476
349	359
