90
180
625
430
559
546
456
495
481
581
540
545
499
487
514
467
610
536
429
557
553
469
583
517
454
464
626
465
510
516
453
606
502
448
582
447
519
599
555
539
539
585
544
543
584
483
490
541
542
466
533
476
461
485
431
419
529
625
479
626
504
581
462
490
518
525
431
442
457
429
519
463
601
563
469
448
449
606
547
460
481
536
521
576
611
497
582
598
448
474
448
1284
611	621
154	164
646	656
75	85
575	585
788	798
854	864
480	490
409	419
64	74
44	54
98	108
549	559
137	147
387	397
978	988
937	947
995	1005
744	754
293	303
386	396
997	1007
659	669
558	568
470	480
177	187
615	625
394	404
851	861
602	612
317	327
110	120
327	337
239	249
289	299
302	312
551	561
460	470
518	528
608	618
326	336
253	263
566	576
276	286
317	327
368	378
344	354
791	801
712	722
584	594
271	281
11	21
43	53
890	900
810	820
594	604
716	726
216	226
673	683
608	618
549	559
936	946
225	235
88	98
814	824
804	814
698	708
479	489
879	889
43	53
834	844
137	147
692	702
365	375
743	753
625	635
174	184
512	522
24	34
608	618
578	588
572	582
77	87
11	21
182	192
900	910
334	344
368	378
463	473
771	781
658	668
907	917
592	602
81	91
255	265
652	662
773	783
193	203
960	970
568	578
557	567
570	580
158	168
295	305
927	937
422	432
515	525
734	744
560	570
436	446
155	165
427	437
874	884
78	88
29	39
632	642
906	916
856	866
805	815
763	773
306	316
194	204
691	701
797	807
878	888
397	407
790	800
923	933
326	336
283	293
988	998
362	372
792	802
926	936
116	126
626	636
816	826
14	24
384	394
884	894
959	969
900	910
901	911
344	354
516	526
503	513
881	891
927	937
303	313
681	691
865	875
841	851
408	418
175	185
991	1001
346	356
476	486
51	61
525	535
982	992
157	167
277	287
334	344
220	230
647	657
821	831
522	532
640	650
966	976
87	97
21	31
931	941
951	961
516	526
546	556
623	633
965	975
835	845
252	262
511	521
