75
375
1077
1435
1183
1236
1380
1417
1494
1137
1512
1355
1248
1329
1150
1151
1310
1387
1535
1443
1249
1054
1134
1108
1062
1101
1417
1164
1134
1093
1257
1422
1472
1227
1471
1256
1196
1514
1166
1424
1238
1071
1500
1126
1131
1193
1539
1091
1303
1126
1060
1080
1544
1297
1547
1379
1087
1441
1387
1515
1505
1521
1228
1478
1108
1529
1044
1402
1406
1460
1359
1118
1103
1193
1488
1095
2024
71	423
360	41
666	517
432	795
980	345
864	410
277	802
160	216
73	190
957	513
608	186
717	473
582	199
337	267
276	134
670	476
64	14
45	967
289	83
850	289
944	104
316	712
733	448
26	152
426	218
13	86
116	195
943	120
49	136
21	933
239	964
774	281
213	247
709	532
985	904
326	820
759	420
626	799
242	688
574	117
643	915
437	421
839	999
113	88
967	842
436	411
829	816
70	465
880	955
117	40
90	317
901	258
741	453
838	279
126	57
302	537
274	123
509	624
426	63
249	239
269	28
679	31
247	505
474	522
609	217
363	699
454	682
615	460
256	235
297	896
486	884
515	978
886	554
255	165
125	875
368	118
804	582
469	415
295	103
828	630
952	682
71	709
668	614
256	658
878	436
822	922
796	56
565	762
247	95
862	582
889	481
246	485
955	498
754	21
429	475
737	483
913	710
147	710
145	754
771	141
447	675
568	765
495	646
505	887
189	43
44	10
396	884
685	85
865	173
862	904
800	45
893	923
391	996
72	566
583	69
699	107
804	902
231	129
379	357
417	107
856	798
839	649
724	410
339	340
107	186
678	487
139	956
769	541
508	181
618	350
734	480
856	206
981	14
742	855
218	78
282	853
447	935
762	834
809	644
734	892
274	983
455	956
973	377
859	145
568	544
875	588
708	466
576	68
240	778
551	309
146	25
51	5
298	438
735	663
345	193
393	364
149	420
742	166
251	35
370	222
40	238
555	17
384	764
473	543
916	906
455	765
197	901
369	963
58	932
59	135
320	458
711	59
730	994
537	501
830	147
591	246
605	358
597	134
398	902
741	926
618	680
755	253
837	970
988	503
272	449
318	546
822	326
935	35
73	377
386	945
53	488
727	904
941	873
384	265
893	431
612	496
891	858
993	943
382	986
503	689
853	124
810	792
197	478
282	259
431	576
14	82
52	91
682	332
20	391
853	644
657	391
403	447
666	304
345	65
684	259
384	265
825	38
938	370
716	617
840	683
257	847
761	561
483	476
583	114
815	159
69	262
295	152
11	722
891	291
74	453
323	821
150	655
367	678
664	70
128	472
636	242
151	480
173	628
769	258
138	819
712	137
817	479
906	567
417	481
762	730
213	538
426	33
944	571
684	637
315	821
43	795
634	786
747	776
447	596
895	6
266	461
105	855
964	22
321	519
523	796
565	711
900	48
895	742
104	101
303	683
645	847
521	361
514	915
69	74
977	913
551	615
476	41
413	782
123	381
36	910
120	27
753	191
850	311
278	589
751	86
888	223
726	973
401	970
117	443
997	956
596	324
51	470
435	472
380	33
59	947
128	204
822	910
953	772
134	22
659	6
888	348
242	73
190	853
137	680
47	331
828	342
611	403
470	978
638	184
958	358
981	176
440	818
304	701
953	998
241	407
915	144
399	625
228	691
22	513
879	337
872	827
922	561
712	328
472	108
426	291
34	917
689	588
390	496
972	105
647	749
118	826
618	948
256	635
960	170
451	503
309	813
25	859
756	885
28	873
275	316
95	351
874	279
54	839
150	5
305	504
220	615
926	469
763	689
82	84
668	785
414	745
899	5
783	572
966	921
958	112
854	849
899	910
832	884
706	114
328	370
574	803
753	295
422	825
195	592
585	586
853	677
932	758
790	64
447	556
432	222
515	252
906	443
956	726
338	347
477	963
501	638
979	819
781	891
756	750
369	672
