90
180
575
564
600
481
562
575
554
641
610
574
547
487
600
442
633
579
581
599
621
513
494
484
569
458
515
617
505
510
449
604
645
547
623
517
567
642
649
576
441
641
552
492
459
492
518
575
500
542
473
558
558
478
525
480
471
446
560
654
463
489
606
635
507
532
543
551
466
624
442
581
598
585
521
509
501
521
462
588
602
471
625
453
466
534
482
508
573
531
574
1029
796	796
387	387
303	303
984	984
438	438
592	592
185	185
622	622
156	156
687	687
543	543
865	865
586	586
871	871
130	130
803	803
36	36
926	926
694	694
585	585
795	795
902	902
944	944
992	992
711	711
361	361
171	171
810	810
322	322
291	291
662	662
125	125
212	212
682	682
339	339
145	145
906	906
369	369
736	736
692	692
845	845
464	464
748	748
906	906
213	213
949	949
635	635
437	437
321	321
312	312
271	271
169	169
204	204
915	915
430	430
119	119
720	720
677	677
890	890
502	502
906	906
996	996
871	871
107	107
997	997
201	201
825	825
280	280
189	189
918	918
33	33
670	670
742	742
668	668
174	174
54	54
424	424
195	195
268	268
882	882
210	210
853	853
320	320
932	932
987	987
631	631
942	942
968	968
576	576
357	357
54	54
48	48
830	830
310	310
39	39
414	414
867	867
850	850
803	803
106	106
228	228
260	260
980	980
770	770
525	525
584	584
366	366
420	420
836	836
950	950
272	272
925	925
570	570
146	146
392	392
845	845
443	443
961	961
875	875
234	234
545	545
721	721
50	50
350	350
552	552
886	886
122	122
740	740
935	935
933	933
73	73
749	749
877	877
147	147
761	761
978	978
243	243
461	461
589	589
711	711
835	835
233	233
797	797
243	243
584	584
43	43
338	338
161	161
921	921
536	536
900	900
396	396
264	264
147	147
852	852
761	761
303	303
189	189
525	525
877	877
434	434
770	770
782	782
857	857
837	837
50	50
429	429
448	448
47	47
839	839
534	534
857	857
632	632
649	649
111	111
462	462
657	657
387	387
702	702
618	618
