150
300
478
424
466
477
425
473
540
504
527
471
589
545
468
489
443
474
417
525
558
586
580
453
405
593
445
587
562
472
496
588
506
526
461
447
399
435
448
456
456
558
433
529
548
504
466
425
529
526
592
582
567
592
510
450
487
462
499
552
538
434
459
574
476
491
489
511
552
571
486
549
580
506
437
491
528
525
415
490
490
434
505
450
534
414
521
403
554
479
540
539
431
557
526
411
478
549
522
501
500
400
498
441
481
408
523
505
521
477
413
552
492
527
464
439
563
438
489
524
405
542
567
454
560
449
578
486
446
472
482
419
477
578
406
465
457
470
440
432
443
571
523
589
566
550
406
504
488
530
516
1101
59	59
703	703
981	981
235	235
890	890
217	217
336	336
614	614
11	11
755	755
986	986
749	749
709	709
246	246
751	751
401	401
694	694
272	272
54	54
808	808
992	992
716	716
684	684
572	572
586	586
241	241
704	704
928	928
292	292
994	994
702	702
291	291
498	498
780	780
522	522
32	32
807	807
871	871
314	314
916	916
22	22
248	248
601	601
273	273
603	603
583	583
788	788
439	439
522	522
354	354
432	432
553	553
96	96
248	248
306	306
156	156
115	115
842	842
60	60
615	615
743	743
30	30
360	360
108	108
35	35
104	104
924	924
908	908
896	896
891	891
568	568
392	392
742	742
374	374
289	289
735	735
435	435
196	196
572	572
434	434
417	417
151	151
405	405
554	554
718	718
460	460
554	554
573	573
589	589
903	903
960	960
395	395
96	96
131	131
542	542
993	993
732	732
624	624
769	769
119	119
669	669
24	24
531	531
271	271
851	851
68	68
536	536
405	405
964	964
47	47
657	657
587	587
109	109
73	73
321	321
230	230
304	304
688	688
647	647
330	330
805	805
334	334
41	41
967	967
412	412
395	395
328	328
885	885
715	715
159	159
122	122
41	41
198	198
231	231
269	269
431	431
319	319
146	146
809	809
495	495
601	601
273	273
567	567
735	735
156	156
302	302
757	757
24	24
563	563
695	695
762	762
608	608
583	583
926	926
57	57
160	160
221	221
278	278
615	615
462	462
195	195
327	327
77	77
242	242
979	979
995	995
800	800
256	256
801	801
403	403
206	206
597	597
106	106
646	646
587	587
482	482
287	287
921	921
608	608
482	482
924	924
544	544
585	585
180	180
768	768
474	474
24	24
123	123
727	727
596	596
19	19
106	106
405	405
666	666
235	235
389	389
307	307
117	117
800	800
878	878
283	283
597	597
900	900
207	207
932	932
244	244
706	706
986	986
330	330
63	63
983	983
524	524
255	255
923	923
754	754
558	558
193	193
571	571
380	380
70	70
525	525
739	739
958	958
761	761
564	564
745	745
368	368
446	446
735	735
910	910
696	696
161	161
554	554
193	193
276	276
107	107
994	994
492	492
682	682
929	929
943	943
585	585
377	377
960	960
31	31
705	705
624	624
779	779
757	757
795	795
738	738
175	175
885	885
267	267
595	595
100	100
53	53
896	896
606	606
281	281
486	486
976	976
814	814
492	492
592	592
735	735
241	241
318	318
691	691
271	271
172	172
939	939
964	964
356	356
429	429
977	977
178	178
249	249
436	436
638	638
434	434
495	495
943	943
110	110
469	469
356	356
951	951
518	518
74	74
424	424
194	194
187	187
325	325
393	393
193	193
990	990
333	333
693	693
754	754
896	896
