90
180
412
398
556
484
439
427
578
483
564
408
394
405
432
530
569
481
570
527
480
432
485
565
424
543
399
430
457
431
466
490
508
470
507
503
487
442
505
531
411
479
515
531
460
440
586
543
414
459
525
558
440
553
533
447
480
416
499
492
550
427
475
446
466
561
491
570
415
437
397
530
446
561
538
547
517
427
563
453
420
581
400
499
445
504
530
449
583
493
557
1014
295	952
205	46
727	568
360	777
317	429
384	95
607	495
449	952
285	971
135	359
275	326
290	539
744	742
368	205
705	195
578	601
574	222
907	121
109	993
658	270
109	512
867	472
88	222
433	56
30	739
482	964
569	404
860	699
54	323
559	353
733	129
969	901
266	417
931	34
283	351
409	139
802	289
712	402
58	629
353	890
542	187
180	707
184	380
578	727
887	219
498	147
431	83
956	343
88	569
591	530
940	419
844	607
924	409
156	101
789	435
773	942
209	4
644	469
773	109
856	638
38	813
869	17
455	471
952	359
394	21
292	320
877	132
518	948
622	63
261	520
410	752
703	588
227	189
949	563
194	840
300	34
808	105
140	668
372	407
543	37
911	661
942	158
970	354
200	856
342	756
868	581
58	693
308	91
109	54
66	874
297	819
851	937
58	872
513	772
41	163
606	512
143	689
440	458
943	877
956	149
362	70
723	474
37	457
248	765
58	919
765	957
920	921
783	420
167	200
60	504
21	705
203	114
919	154
285	981
815	190
55	993
203	599
132	128
560	13
164	880
645	489
370	635
879	943
520	747
41	492
586	314
305	932
932	217
623	575
953	383
374	940
278	140
210	783
287	439
877	951
251	525
223	939
328	3
208	383
780	462
144	457
627	312
459	897
403	390
366	88
573	360
629	472
414	1000
959	836
236	575
338	793
810	140
353	830
539	358
760	200
729	68
505	817
600	955
543	889
613	480
438	374
150	111
446	288
671	867
749	56
775	439
309	291
453	52
380	961
932	500
589	210
690	351
660	907
691	595
254	53
887	297
35	656
260	805
899	590
625	87
