90
180
526
492
601
442
553
472
456
501
543
450
501
549
565
596
413
440
416
561
476
415
488
538
506
496
541
406
441
472
574
423
415
460
443
465
439
485
569
522
454
411
467
420
570
448
409
491
440
455
529
550
471
553
516
498
590
536
545
555
543
412
479
579
523
498
555
493
402
413
507
521
502
461
486
584
475
480
424
403
424
440
434
466
561
557
492
585
564
461
576
1474
652	222
10	782
918	107
693	344
801	81
234	869
610	714
167	252
469	80
39	41
820	934
996	664
377	654
198	96
591	875
793	836
915	977
627	726
117	809
686	157
657	833
978	441
448	563
102	963
279	837
897	203
608	81
395	77
149	494
813	547
664	774
278	881
552	73
617	708
172	667
187	589
599	169
577	397
379	10
220	137
564	763
278	743
31	923
738	249
262	369
934	715
813	291
372	760
206	896
358	641
187	200
376	792
833	682
689	754
259	30
141	43
497	84
529	815
25	245
352	230
842	865
815	471
150	48
613	488
552	277
522	541
752	991
886	711
542	946
492	471
373	590
181	979
14	7
389	136
704	197
304	89
62	780
147	791
197	966
110	106
916	568
697	135
969	458
125	546
724	219
920	845
445	564
227	265
72	724
617	605
890	228
306	693
952	364
572	364
794	566
584	446
782	496
895	23
110	152
232	56
430	739
424	883
627	655
859	708
471	339
154	291
628	155
830	624
433	79
923	982
358	734
485	595
401	847
42	446
977	617
805	490
591	964
397	698
507	631
441	909
981	475
218	373
393	856
798	562
345	607
266	76
644	120
805	433
910	780
397	284
857	837
351	119
855	29
417	578
837	92
746	796
214	902
875	433
164	581
20	908
383	75
801	791
666	42
388	330
444	975
289	592
307	788
779	240
38	54
226	682
147	6
402	480
714	140
766	999
282	640
786	622
273	827
867	839
63	582
625	979
1000	24
196	835
379	350
730	708
692	142
787	347
45	638
585	401
33	691
289	936
397	411
67	383
504	190
949	875
691	723
493	567
514	39
760	812
507	468
723	868
