75
375
1423
1505
1586
1409
1178
1345
1290
1259
1232
1411
1350
1392
1422
1179
1162
1372
1097
1417
1236
1096
1107
1285
1468
1553
1393
1493
1467
1304
1283
1333
1547
1475
1291
1262
1471
1397
1546
1490
1220
1506
1375
1087
1561
1117
1105
1130
1115
1101
1575
1566
1604
1573
1494
1269
1484
1595
1371
1557
1497
1188
1354
1279
1323
1494
1486
1084
1171
1606
1226
1193
1126
1234
1199
1397
846
509	495
678	609
905	918
491	517
212	291
707	745
860	851
469	567
973	937
581	681
62	158
891	899
906	968
585	498
127	181
443	401
194	230
799	811
1000	917
796	845
982	926
761	755
135	51
842	942
413	471
784	737
906	957
993	1049
821	789
434	395
155	254
396	363
185	130
45	83
838	796
369	332
611	614
711	714
887	895
764	702
771	796
920	907
970	950
219	134
746	687
836	854
689	592
260	326
936	962
121	24
720	813
930	952
833	874
308	266
865	931
325	385
371	424
300	345
738	820
999	953
880	819
796	838
384	371
311	397
755	707
788	802
386	319
927	1023
441	438
524	606
363	303
51	15
945	1027
676	747
738	773
528	563
386	370
658	705
457	522
503	496
647	702
26	8
753	666
539	564
961	1043
192	107
113	127
772	751
215	214
56	6
735	694
682	761
599	612
616	525
409	505
662	651
479	568
909	932
527	452
275	351
425	440
708	666
941	1007
421	440
185	259
562	603
501	463
400	445
147	178
125	153
839	870
83	158
624	579
181	88
363	460
274	356
158	143
251	255
288	387
323	351
408	475
944	849
678	769
214	187
689	772
770	717
132	197
940	866
953	891
740	648
618	552
786	705
679	735
386	384
617	701
721	756
140	126
645	553
283	195
23	11
482	543
266	276
734	672
879	808
41	13
623	699
625	716
372	353
93	37
664	731
328	265
499	466
187	271
989	1008
948	908
953	876
195	101
792	729
106	55
622	583
795	814
350	422
678	641
737	666
707	710
207	153
897	810
492	541
797	850
960	939
700	605
460	552
261	259
592	652
825	736
389	374
868	775
467	409
307	397
972	913
757	804
83	39
985	1007
49	46
795	828
429	365
444	400
196	112
360	324
457	358
353	364
506	573
260	349
106	42
796	757
465	531
764	677
76	92
85	89
599	613
495	505
954	988
57	127
196	293
926	992
87	57
342	302
666	626
652	724
279	364
685	690
756	821
818	913
727	762
759	702
103	114
770	769
889	886
511	458
724	765
844	866
995	968
302	320
928	846
194	197
777	794
465	456
771	756
643	561
365	277
649	734
584	562
83	166
534	501
888	919
230	269
549	528
373	382
961	951
394	476
438	514
166	125
594	626
725	693
331	306
191	137
401	395
402	410
365	327
689	740
179	89
694	775
909	854
263	241
902	931
640	731
721	642
749	678
701	694
74	128
728	801
54	84
696	691
193	282
13	19
201	173
441	354
104	150
443	405
433	396
919	942
504	578
744	768
696	632
320	396
618	581
871	960
628	678
329	285
30	121
99	107
464	495
794	714
904	819
216	124
482	530
720	733
44	97
706	805
854	843
137	163
295	221
746	665
440	523
908	990
23	15
142	156
854	791
324	276
750	714
663	592
769	678
41	16
607	560
505	424
981	1066
678	613
444	497
512	438
691	691
369	290
774	828
159	72
451	434
263	222
569	510
933	917
499	517
704	735
864	847
404	497
471	486
714	747
716	677
91	161
62	117
295	209
348	272
976	1028
324	373
853	820
150	238
363	370
173	257
381	298
338	255
943	868
106	153
630	630
363	331
197	142
348	302
452	442
522	425
210	292
797	816
465	392
822	835
301	386
156	119
957	1021
323	310
812	760
84	127
927	868
104	32
831	731
779	700
961	1057
944	1039
989	1033
564	578
611	665
677	767
722	641
120	50
931	961
928	848
144	52
824	808
491	543
568	524
605	512
327	285
343	337
