90
180
616
536
573
434
546
448
512
442
454
526
588
600
573
507
574
581
510
475
434
434
545
508
612
514
627
485
556
568
582
507
624
444
532
619
627
436
634
542
518
477
541
450
537
625
516
504
461
509
452
615
503
461
551
432
516
599
631
572
617
518
530
574
450
610
524
431
494
524
546
534
433
471
635
635
612
599
602
576
435
583
631
531
479
481
497
476
467
506
557
1077
872	599
846	746
495	251
720	97
174	873
271	858
705	913
628	10
574	125
958	435
239	249
685	719
444	358
708	90
770	374
385	588
604	733
510	527
801	974
214	415
582	267
712	424
715	497
397	332
35	363
90	548
290	358
887	694
159	533
139	833
647	781
639	717
491	980
641	614
911	126
775	779
706	120
190	201
812	457
945	254
530	53
684	843
453	828
845	545
486	507
638	111
999	353
938	730
601	268
414	903
872	764
137	237
48	89
22	247
541	753
430	464
266	773
777	959
167	788
524	486
709	736
865	645
430	40
212	940
315	357
691	849
571	161
231	246
519	428
496	407
473	401
277	827
915	697
24	97
755	119
781	981
477	508
364	179
419	315
204	458
558	71
911	629
915	267
179	670
561	691
286	556
87	794
954	311
547	67
689	481
661	380
918	295
859	711
236	176
427	330
173	877
707	834
153	746
598	20
259	244
833	333
805	820
679	842
189	291
768	258
712	590
18	882
209	636
316	297
162	197
678	454
277	661
370	438
365	193
331	571
849	649
634	569
198	887
539	139
696	88
312	941
834	696
973	851
202	619
709	818
581	289
372	269
900	145
641	204
890	985
658	519
509	669
424	289
142	166
896	259
532	589
651	622
250	97
487	494
433	500
365	891
643	757
720	577
677	841
136	354
837	931
44	682
939	263
297	372
102	625
704	460
826	163
451	172
894	574
443	234
735	409
949	266
921	232
658	624
194	671
676	873
75	863
817	555
104	31
579	602
105	255
928	980
824	513
790	759
438	242
839	713
114	416
589	456
961	299
210	108
461	656
613	882
823	868
317	922
894	214
