150
300
478
424
466
477
425
473
540
504
527
471
589
545
468
489
443
474
417
525
558
586
580
453
405
593
445
587
562
472
496
588
506
526
461
447
399
435
448
456
456
558
433
529
548
504
466
425
529
526
592
582
567
592
510
450
487
462
499
552
538
434
459
574
476
491
489
511
552
571
486
549
580
506
437
491
528
525
415
490
490
434
505
450
534
414
521
403
554
479
540
539
431
557
526
411
478
549
522
501
500
400
498
441
481
408
523
505
521
477
413
552
492
527
464
439
563
438
489
524
405
542
567
454
560
449
578
486
446
472
482
419
477
578
406
465
457
470
440
432
443
571
523
589
566
550
406
504
488
530
516
1101
59	69
703	713
981	991
235	245
890	900
217	227
336	346
614	624
11	21
755	765
986	996
749	759
709	719
246	256
751	761
401	411
694	704
272	282
54	64
808	818
992	1002
716	726
684	694
572	582
586	596
241	251
704	714
928	938
292	302
994	1004
702	712
291	301
498	508
780	790
522	532
32	42
807	817
871	881
314	324
916	926
22	32
248	258
601	611
273	283
603	613
583	593
788	798
439	449
522	532
354	364
432	442
553	563
96	106
248	258
306	316
156	166
115	125
842	852
60	70
615	625
743	753
30	40
360	370
108	118
35	45
104	114
924	934
908	918
896	906
891	901
568	578
392	402
742	752
374	384
289	299
735	745
435	445
196	206
572	582
434	444
417	427
151	161
405	415
554	564
718	728
460	470
554	564
573	583
589	599
903	913
960	970
395	405
96	106
131	141
542	552
993	1003
732	742
624	634
769	779
119	129
669	679
24	34
531	541
271	281
851	861
68	78
536	546
405	415
964	974
47	57
657	667
587	597
109	119
73	83
321	331
230	240
304	314
688	698
647	657
330	340
805	815
334	344
41	51
967	977
412	422
395	405
328	338
885	895
715	725
159	169
122	132
41	51
198	208
231	241
269	279
431	441
319	329
146	156
809	819
495	505
601	611
273	283
567	577
735	745
156	166
302	312
757	767
24	34
563	573
695	705
762	772
608	618
583	593
926	936
57	67
160	170
221	231
278	288
615	625
462	472
195	205
327	337
77	87
242	252
979	989
995	1005
800	810
256	266
801	811
403	413
206	216
597	607
106	116
646	656
587	597
482	492
287	297
921	931
608	618
482	492
924	934
544	554
585	595
180	190
768	778
474	484
24	34
123	133
727	737
596	606
19	29
106	116
405	415
666	676
235	245
389	399
307	317
117	127
800	810
878	888
283	293
597	607
900	910
207	217
932	942
244	254
706	716
986	996
330	340
63	73
983	993
524	534
255	265
923	933
754	764
558	568
193	203
571	581
380	390
70	80
525	535
739	749
958	968
761	771
564	574
745	755
368	378
446	456
735	745
910	920
696	706
161	171
554	564
193	203
276	286
107	117
994	1004
492	502
682	692
929	939
943	953
585	595
377	387
960	970
31	41
705	715
624	634
779	789
757	767
795	805
738	748
175	185
885	895
267	277
595	605
100	110
53	63
896	906
606	616
281	291
486	496
976	986
814	824
492	502
592	602
735	745
241	251
318	328
691	701
271	281
172	182
939	949
964	974
356	366
429	439
977	987
178	188
249	259
436	446
638	648
434	444
495	505
943	953
110	120
469	479
356	366
951	961
518	528
74	84
424	434
194	204
187	197
325	335
393	403
193	203
990	1000
333	343
693	703
754	764
896	906
