90
180
577
445
521
591
415
463
429
601
485
589
475
421
457
459
547
522
603
588
452
471
602
529
606
588
594
528
476
461
580
539
514
447
465
448
579
458
470
551
535
422
526
428
488
609
467
564
487
510
455
418
556
510
423
451
415
594
508
592
430
425
475
604
441
558
455
592
430
517
605
416
526
568
584
436
605
557
538
541
524
485
460
437
600
456
535
415
534
533
524
1306
696	752
178	260
970	883
694	631
550	519
868	787
524	427
385	454
488	457
821	789
156	180
826	864
419	344
909	830
521	560
827	745
571	582
961	990
371	342
927	901
657	575
326	335
539	512
805	793
929	926
307	299
907	877
904	877
486	437
896	907
417	461
431	466
450	410
298	328
459	513
380	427
679	629
123	159
517	468
593	643
303	320
409	409
892	845
874	954
451	521
341	258
206	234
898	829
893	914
128	65
765	747
850	753
706	657
801	710
242	160
679	632
409	474
344	265
23	107
1000	964
124	124
761	714
584	636
237	293
180	114
242	208
722	654
145	151
332	387
753	697
134	48
52	151
701	703
411	497
359	360
723	646
932	1016
400	417
167	87
653	606
919	1010
197	147
853	874
396	476
834	874
62	85
969	876
172	142
72	19
549	554
887	979
902	844
963	896
248	247
576	562
752	812
270	194
379	281
725	635
263	240
884	811
621	670
390	415
619	578
87	145
467	474
694	781
711	619
524	510
134	131
623	560
295	208
46	87
416	319
720	667
206	176
325	305
774	853
466	441
106	175
725	727
894	885
230	210
913	847
35	120
942	952
332	263
511	509
550	507
28	62
608	633
15	46
528	497
638	599
221	159
935	981
520	435
907	809
28	73
613	605
72	34
473	530
593	641
812	879
357	391
886	865
20	97
881	784
273	213
898	883
393	443
574	522
69	112
459	520
374	334
803	874
351	324
89	100
742	791
970	1060
25	70
501	433
302	345
43	14
137	75
64	88
735	737
897	932
959	953
731	667
779	802
303	320
604	684
719	754
317	318
648	644
512	563
787	886
77	160
143	185
