90
180
564
428
442
566
403
463
431
469
484
457
519
523
579
431
503
592
398
421
450
403
537
441
487
502
494
455
575
496
441
408
418
553
499
590
410
579
419
431
512
453
536
546
428
422
483
564
461
565
581
566
562
406
518
423
416
570
409
402
579
411
472
421
551
455
413
511
540
516
425
559
435
533
530
521
453
547
552
444
553
420
447
410
506
464
477
435
566
429
579
1371
226	257
912	868
318	299
940	856
615	617
199	201
467	369
920	913
718	665
10	36
496	432
197	267
184	121
434	495
217	286
210	192
816	821
624	619
387	353
770	766
832	801
702	687
656	739
718	807
776	815
148	60
427	435
338	281
157	149
201	297
678	643
245	229
529	535
571	530
973	1008
799	703
452	371
706	769
234	193
738	751
622	632
862	802
20	7
445	528
329	385
857	768
670	644
852	873
351	380
715	631
155	197
968	884
252	301
641	689
542	471
464	558
139	191
558	583
333	354
996	930
27	114
364	393
791	757
161	117
761	742
347	279
590	552
440	529
903	952
430	334
299	392
835	750
437	514
721	730
661	643
737	660
355	364
357	326
874	961
804	867
484	558
969	1042
367	437
225	189
137	142
960	893
254	334
770	811
556	502
291	216
547	603
221	293
346	341
711	807
556	497
848	885
692	776
961	918
339	314
991	1043
667	716
436	371
887	919
763	711
659	738
405	319
231	290
33	13
318	242
867	921
40	26
111	63
804	895
251	318
200	296
137	173
286	308
463	447
268	362
151	239
346	366
645	632
648	667
530	547
493	485
631	570
348	420
360	394
339	240
123	64
12	84
49	14
851	938
39	55
67	97
158	232
46	92
32	69
322	304
116	31
465	388
369	308
30	107
291	378
963	1007
308	318
724	678
42	108
614	526
636	686
798	837
915	816
681	611
990	997
452	474
70	47
980	937
549	634
244	342
545	631
542	497
967	916
877	910
321	244
707	608
127	84
496	417
474	390
166	144
359	276
818	835
387	468
710	758
282	184
992	1044
613	579
83	90
511	430
565	553
993	1086
