90
180
400
432
398
530
500
500
542
377
560
449
464
384
456
556
399
422
515
422
479
516
494
500
448
527
414
467
381
535
383
444
543
468
452
442
387
484
548
469
428
559
505
435
478
388
386
470
538
411
542
493
429
454
537
376
402
524
449
495
469
532
461
495
535
405
405
521
398
389
495
502
444
560
403
529
495
445
437
393
380
519
439
506
447
390
411
375
461
454
548
1060
361	361
258	258
426	426
875	875
294	294
298	298
746	746
480	480
184	184
155	155
127	127
911	911
757	757
80	80
378	378
25	25
46	46
306	306
257	257
32	32
989	989
171	171
454	454
14	14
112	112
383	383
337	337
270	270
59	59
744	744
38	38
677	677
437	437
38	38
386	386
309	309
416	416
758	758
707	707
912	912
311	311
980	980
357	357
411	411
810	810
486	486
238	238
247	247
692	692
693	693
566	566
426	426
985	985
69	69
562	562
413	413
302	302
128	128
656	656
358	358
877	877
521	521
929	929
955	955
122	122
335	335
426	426
476	476
544	544
111	111
769	769
337	337
347	347
699	699
584	584
704	704
693	693
909	909
386	386
215	215
576	576
662	662
130	130
729	729
823	823
480	480
858	858
135	135
10	10
141	141
290	290
374	374
745	745
416	416
97	97
81	81
616	616
591	591
178	178
181	181
307	307
338	338
208	208
266	266
656	656
727	727
923	923
388	388
256	256
878	878
392	392
175	175
352	352
759	759
677	677
57	57
707	707
661	661
540	540
143	143
375	375
431	431
858	858
555	555
683	683
862	862
923	923
69	69
839	839
345	345
423	423
573	573
685	685
81	81
646	646
256	256
183	183
463	463
530	530
734	734
504	504
352	352
382	382
74	74
116	116
509	509
926	926
536	536
213	213
428	428
614	614
311	311
129	129
844	844
905	905
701	701
757	757
483	483
215	215
847	847
339	339
162	162
791	791
57	57
708	708
331	331
41	41
494	494
417	417
267	267
314	314
870	870
757	757
971	971
913	913
815	815
849	849
460	460
486	486
817	817
