75
375
1248
1257
1022
1000
1149
1050
1049
1342
1127
1188
981
1277
1056
1285
1177
980
1138
949
1205
1015
1166
1328
1052
1046
1209
946
1278
1367
1056
1408
1162
1128
1058
1025
1381
1334
1045
1404
1149
1149
1041
1323
959
1320
1136
1064
1188
1310
1070
1308
1006
1113
1110
962
1150
1182
1400
1223
982
1082
1074
1146
1033
1077
1001
1270
1024
1371
1345
1099
1079
1402
1043
1102
3038
91	91
530	530
322	322
538	538
981	981
356	356
213	213
252	252
755	755
377	377
967	967
935	935
57	57
947	947
259	259
58	58
179	179
706	706
49	49
823	823
592	592
804	804
430	430
964	964
797	797
151	151
89	89
997	997
644	644
400	400
772	772
350	350
276	276
490	490
194	194
65	65
731	731
877	877
511	511
105	105
923	923
675	675
21	21
10	10
565	565
330	330
691	691
30	30
337	337
710	710
300	300
589	589
262	262
650	650
604	604
633	633
285	285
834	834
252	252
399	399
44	44
902	902
158	158
819	819
128	128
648	648
295	295
460	460
599	599
207	207
18	18
22	22
483	483
282	282
656	656
328	328
333	333
373	373
464	464
929	929
541	541
235	235
498	498
219	219
685	685
444	444
205	205
897	897
877	877
573	573
701	701
168	168
871	871
389	389
539	539
294	294
497	497
898	898
22	22
566	566
227	227
548	548
125	125
660	660
506	506
137	137
572	572
260	260
347	347
889	889
464	464
624	624
437	437
282	282
683	683
785	785
757	757
849	849
346	346
82	82
261	261
821	821
115	115
443	443
987	987
509	509
140	140
595	595
85	85
571	571
123	123
712	712
805	805
898	898
73	73
856	856
117	117
358	358
415	415
721	721
305	305
473	473
89	89
922	922
692	692
297	297
994	994
948	948
795	795
189	189
249	249
379	379
914	914
358	358
372	372
931	931
670	670
830	830
721	721
668	668
405	405
23	23
256	256
864	864
655	655
219	219
721	721
340	340
126	126
434	434
196	196
150	150
136	136
458	458
424	424
814	814
884	884
884	884
874	874
922	922
424	424
712	712
430	430
115	115
257	257
308	308
480	480
719	719
624	624
492	492
709	709
352	352
951	951
170	170
380	380
491	491
770	770
946	946
455	455
794	794
449	449
18	18
94	94
454	454
134	134
98	98
272	272
256	256
427	427
963	963
727	727
360	360
820	820
410	410
246	246
557	557
441	441
968	968
602	602
571	571
863	863
709	709
276	276
639	639
196	196
908	908
615	615
551	551
396	396
458	458
530	530
227	227
839	839
185	185
191	191
136	136
161	161
199	199
123	123
93	93
619	619
674	674
325	325
596	596
352	352
13	13
607	607
96	96
868	868
93	93
74	74
823	823
836	836
160	160
95	95
443	443
346	346
709	709
190	190
515	515
327	327
988	988
652	652
452	452
883	883
127	127
71	71
309	309
314	314
609	609
961	961
409	409
740	740
587	587
403	403
359	359
991	991
89	89
276	276
130	130
449	449
492	492
382	382
132	132
490	490
590	590
604	604
955	955
728	728
61	61
483	483
544	544
537	537
444	444
294	294
275	275
265	265
454	454
210	210
404	404
192	192
747	747
632	632
201	201
37	37
383	383
999	999
984	984
111	111
972	972
362	362
970	970
372	372
381	381
135	135
944	944
69	69
280	280
890	890
32	32
379	379
13	13
63	63
175	175
565	565
468	468
547	547
714	714
357	357
29	29
261	261
542	542
812	812
988	988
387	387
545	545
502	502
167	167
204	204
275	275
280	280
784	784
948	948
181	181
472	472
323	323
222	222
66	66
245	245
449	449
664	664
846	846
347	347
591	591
637	637
498	498
383	383
616	616
225	225
707	707
581	581
917	917
236	236
415	415
521	521
290	290
448	448
567	567
127	127
150	150
303	303
689	689
788	788
324	324
501	501
