150
300
508
501
428
577
431
391
507
566
479
481
501
524
503
397
555
510
442
509
443
569
395
577
559
451
430
477
432
560
410
437
542
451
494
546
407
444
496
420
494
489
419
446
503
517
434
473
432
556
480
554
396
491
393
489
392
410
426
507
445
475
490
531
502
441
493
476
409
566
579
391
505
391
412
565
486
552
557
498
479
568
537
507
537
579
517
465
470
427
564
449
465
557
409
548
467
504
511
517
522
457
542
556
409
406
531
526
566
559
454
509
436
569
514
426
433
575
410
563
434
481
566
478
401
416
393
437
407
424
432
490
389
454
425
445
568
392
482
408
394
445
413
420
485
507
477
495
563
440
514
1385
107	167
258	303
957	915
910	911
865	926
228	278
490	578
33	58
158	167
219	199
127	186
58	151
348	403
400	372
993	1057
912	913
431	397
450	365
109	166
613	635
741	713
655	647
447	538
474	485
450	512
506	549
902	995
716	675
96	84
189	209
665	632
252	298
597	694
248	159
421	332
235	153
892	793
559	518
56	114
933	875
392	436
251	161
909	848
51	44
780	800
657	651
169	84
578	657
541	443
670	590
869	824
128	191
188	196
946	979
728	735
433	482
99	76
652	668
426	384
779	835
794	779
481	501
767	714
633	563
298	262
120	37
63	124
479	487
442	429
215	194
538	538
671	632
386	401
167	250
229	169
492	479
542	589
621	536
190	133
116	140
864	880
81	49
942	881
250	154
655	729
763	831
103	38
140	44
445	506
521	442
597	519
385	427
336	253
284	283
754	774
344	323
355	283
542	578
135	97
92	181
594	651
460	520
405	372
143	233
231	184
832	874
325	318
694	750
649	711
827	904
387	347
554	566
695	611
672	649
779	701
490	395
318	384
575	590
80	157
693	627
917	1011
381	434
879	950
235	297
995	1061
200	253
415	376
613	540
132	81
989	931
430	504
769	847
844	812
305	378
373	472
712	745
543	546
732	779
194	126
697	791
793	876
288	204
749	836
414	340
718	640
70	44
372	278
953	884
120	104
522	599
847	762
743	732
283	251
835	843
599	584
565	530
745	746
498	458
930	967
289	291
640	731
149	155
210	165
961	948
223	300
89	58
829	873
302	297
420	422
799	833
93	177
10	104
269	319
402	365
802	753
660	599
164	206
330	404
239	235
290	244
220	159
278	247
940	992
461	489
17	89
103	195
276	215
29	115
994	997
923	932
966	982
601	530
384	302
338	239
193	255
445	380
273	294
676	685
573	521
275	351
414	498
508	566
74	165
459	403
554	532
246	308
406	470
934	876
707	701
994	901
368	376
523	556
507	427
973	873
415	394
482	389
871	961
901	995
32	51
861	881
206	258
16	82
75	33
708	708
142	150
953	960
986	932
648	578
410	461
191	218
776	800
922	978
97	140
884	976
50	24
265	356
919	917
304	244
891	967
723	783
987	943
863	770
344	436
520	494
107	53
406	504
428	397
125	169
481	477
524	515
627	634
664	564
189	216
276	211
694	762
879	844
551	602
350	267
816	735
758	775
411	409
542	550
782	782
204	105
924	968
879	953
737	833
558	626
95	110
164	131
225	293
426	441
809	887
724	742
455	509
767	747
747	795
17	112
530	621
13	61
734	803
468	382
65	98
441	439
494	567
651	731
366	298
795	786
292	377
588	579
453	474
500	426
399	366
233	284
952	1030
67	126
95	121
400	378
61	108
69	52
