150
300
530
541
547
577
458
533
470
408
407
411
556
549
439
391
507
457
482
571
400
522
447
568
574
580
517
397
406
553
550
414
411
420
437
404
433
408
550
466
446
476
484
475
485
556
474
432
568
459
486
399
391
463
486
560
499
449
429
501
431
547
578
419
526
582
446
394
442
442
511
500
461
419
485
523
416
448
482
548
420
437
442
452
395
532
461
429
531
403
415
515
534
577
477
394
563
486
499
504
513
423
541
392
417
570
580
403
452
449
534
528
492
431
576
555
495
474
514
556
489
413
397
476
546
531
459
541
509
401
557
427
477
527
513
570
443
536
441
574
572
468
542
414
508
547
422
419
431
493
429
1561
652	95
653	680
977	988
24	827
935	121
22	703
876	500
10	143
487	208
624	508
699	894
483	73
955	777
246	20
918	926
209	856
634	235
433	233
722	191
540	8
89	243
268	848
803	384
756	112
390	849
302	626
397	145
697	339
13	408
433	59
396	522
77	591
471	449
138	150
64	540
380	521
52	16
43	807
679	246
481	167
832	261
518	975
61	546
55	92
97	908
133	227
187	669
27	912
203	270
721	925
63	506
365	998
64	743
362	930
759	120
921	356
713	174
31	418
998	879
482	990
761	624
10	628
995	631
458	579
430	852
726	23
226	490
684	422
55	504
286	2
150	269
275	846
224	859
339	557
520	163
237	111
72	673
368	797
453	833
211	935
203	354
711	412
689	819
768	666
257	227
565	615
34	581
809	463
376	900
860	958
991	803
53	120
686	257
416	543
323	394
149	982
188	785
675	564
957	749
346	722
669	617
659	792
768	641
258	613
435	658
586	462
778	905
571	569
671	119
923	946
351	899
701	70
558	392
777	150
309	1000
367	166
660	689
984	599
498	960
492	825
425	108
452	413
330	268
78	594
834	779
701	750
383	554
413	672
990	39
750	652
298	917
163	998
231	540
539	66
637	514
766	283
796	466
45	587
988	84
930	987
365	606
252	507
102	33
114	612
730	134
161	980
202	307
223	266
800	273
269	194
391	904
571	219
583	29
960	567
229	242
825	891
931	742
704	736
474	936
926	834
512	94
264	319
650	906
408	441
449	840
759	559
246	193
747	521
172	404
272	139
647	93
793	572
928	182
245	231
323	253
308	937
706	950
162	356
60	611
808	580
665	969
443	865
463	373
258	964
711	511
969	357
644	845
978	876
107	155
663	214
551	978
968	338
991	511
842	213
979	781
888	395
587	701
630	159
606	597
474	909
866	814
980	246
898	939
34	75
829	743
478	950
113	190
892	341
875	127
22	352
39	936
276	646
775	619
156	923
76	480
25	604
597	554
782	102
871	510
679	259
994	801
156	670
42	506
279	370
104	464
937	366
844	757
948	284
370	155
921	139
418	30
876	881
622	818
686	652
313	318
47	939
917	802
793	880
285	629
749	969
170	266
47	423
28	619
89	847
128	750
439	528
43	719
139	227
168	239
902	202
800	356
592	674
677	457
476	50
820	495
122	33
21	51
258	659
203	362
331	221
182	155
83	849
500	180
308	484
880	992
288	486
36	7
903	449
653	790
830	390
864	432
480	116
97	421
409	178
116	451
382	183
233	202
934	296
523	204
145	842
998	565
509	977
784	351
923	600
861	905
341	378
397	1
174	816
468	216
99	355
530	813
365	629
610	500
931	563
607	816
626	150
379	990
156	187
685	397
892	47
