150
300
453
416
511
600
436
574
583
557
430
440
506
467
567
532
601
511
434
508
446
600
511
490
568
556
493
509
596
457
566
541
593
571
486
575
433
543
500
607
473
514
425
536
597
528
570
423
474
595
555
451
573
574
533
563
554
454
417
571
517
586
455
464
515
443
465
526
537
500
476
448
528
468
425
538
433
561
545
608
471
606
602
525
440
449
615
527
470
603
513
564
501
566
530
458
503
465
524
458
476
557
491
434
473
429
586
476
483
485
461
433
436
424
618
553
453
489
456
533
607
542
483
446
562
546
551
541
499
576
494
529
460
452
563
612
521
562
568
529
444
450
547
544
556
522
424
589
502
526
433
1150
29	29
660	660
507	507
428	428
987	987
343	343
226	226
19	19
710	710
870	870
98	98
53	53
781	781
497	497
414	414
671	671
925	925
940	940
491	491
98	98
554	554
814	814
324	324
397	397
878	878
73	73
669	669
619	619
204	204
765	765
982	982
983	983
367	367
150	150
897	897
265	265
741	741
626	626
266	266
127	127
672	672
373	373
34	34
203	203
643	643
223	223
175	175
984	984
910	910
300	300
752	752
975	975
783	783
383	383
114	114
638	638
852	852
502	502
244	244
353	353
185	185
876	876
531	531
425	425
40	40
842	842
402	402
430	430
889	889
89	89
489	489
30	30
479	479
471	471
768	768
53	53
136	136
295	295
60	60
346	346
934	934
397	397
125	125
868	868
522	522
527	527
859	859
935	935
280	280
580	580
677	677
140	140
528	528
925	925
442	442
973	973
778	778
52	52
790	790
39	39
447	447
94	94
780	780
12	12
599	599
885	885
428	428
464	464
713	713
777	777
142	142
56	56
664	664
650	650
362	362
922	922
886	886
212	212
838	838
699	699
935	935
872	872
607	607
556	556
160	160
98	98
507	507
607	607
977	977
549	549
761	761
92	92
583	583
249	249
788	788
722	722
408	408
973	973
214	214
279	279
957	957
907	907
924	924
654	654
394	394
241	241
277	277
998	998
184	184
683	683
813	813
824	824
593	593
520	520
690	690
760	760
420	420
722	722
950	950
710	710
979	979
905	905
168	168
561	561
842	842
265	265
530	530
198	198
968	968
785	785
172	172
421	421
866	866
153	153
431	431
270	270
253	253
965	965
567	567
988	988
60	60
179	179
185	185
457	457
630	630
353	353
557	557
73	73
961	961
267	267
702	702
915	915
701	701
189	189
813	813
268	268
76	76
14	14
582	582
873	873
73	73
11	11
575	575
395	395
673	673
861	861
354	354
303	303
269	269
419	419
112	112
686	686
473	473
142	142
706	706
361	361
405	405
966	966
930	930
560	560
612	612
400	400
53	53
360	360
86	86
213	213
439	439
838	838
212	212
592	592
101	101
716	716
368	368
947	947
610	610
797	797
842	842
976	976
831	831
536	536
109	109
597	597
796	796
776	776
688	688
264	264
853	853
604	604
833	833
479	479
581	581
289	289
547	547
837	837
909	909
721	721
637	637
440	440
53	53
33	33
697	697
156	156
786	786
907	907
307	307
639	639
551	551
205	205
283	283
202	202
386	386
383	383
200	200
351	351
444	444
789	789
72	72
271	271
462	462
632	632
746	746
677	677
296	296
135	135
187	187
536	536
716	716
874	874
779	779
964	964
437	437
273	273
151	151
992	992
737	737
145	145
91	91
724	724
642	642
931	931
