150
300
552
591
432
439
459
592
457
564
431
427
547
503
564
602
553
587
437
434
578
583
567
474
448
569
558
537
562
503
489
515
571
596
562
478
504
463
557
499
418
450
426
498
494
597
463
411
404
570
560
546
505
435
530
449
456
457
486
482
515
472
483
494
429
464
427
521
480
535
555
512
488
509
504
519
433
570
418
545
456
597
464
596
484
532
556
484
573
471
424
557
443
515
410
504
573
598
597
599
473
406
491
548
471
551
424
470
599
415
500
496
506
440
496
511
466
590
531
452
549
456
454
408
465
568
417
465
528
540
484
462
498
498
591
483
426
459
564
470
410
415
437
453
415
433
453
467
419
555
533
1443
642	642
474	474
518	518
451	451
173	173
968	968
825	825
252	252
13	13
23	23
86	86
893	893
565	565
18	18
539	539
216	216
577	577
426	426
618	618
203	203
656	656
433	433
115	115
345	345
921	921
725	725
532	532
995	995
257	257
87	87
473	473
105	105
801	801
998	998
614	614
363	363
488	488
784	784
536	536
664	664
139	139
968	968
464	464
540	540
460	460
646	646
1000	1000
568	568
315	315
200	200
823	823
142	142
288	288
132	132
586	586
132	132
455	455
803	803
214	214
806	806
809	809
312	312
613	613
933	933
49	49
29	29
439	439
79	79
787	787
744	744
973	973
360	360
711	711
308	308
709	709
38	38
128	128
733	733
615	615
101	101
617	617
789	789
171	171
385	385
189	189
509	509
983	983
90	90
752	752
836	836
230	230
518	518
193	193
439	439
687	687
386	386
799	799
823	823
729	729
753	753
839	839
748	748
196	196
215	215
108	108
993	993
31	31
701	701
56	56
266	266
737	737
967	967
249	249
213	213
706	706
682	682
838	838
653	653
140	140
810	810
239	239
61	61
898	898
370	370
994	994
971	971
247	247
798	798
87	87
258	258
78	78
471	471
646	646
133	133
853	853
536	536
572	572
654	654
778	778
703	703
898	898
261	261
244	244
789	789
654	654
95	95
738	738
490	490
769	769
13	13
491	491
405	405
878	878
451	451
585	585
438	438
83	83
723	723
532	532
966	966
920	920
668	668
279	279
191	191
439	439
184	184
79	79
147	147
85	85
656	656
442	442
37	37
697	697
111	111
552	552
532	532
266	266
830	830
525	525
286	286
987	987
853	853
13	13
323	323
635	635
646	646
666	666
762	762
574	574
462	462
104	104
117	117
993	993
384	384
187	187
835	835
880	880
437	437
654	654
215	215
427	427
811	811
316	316
840	840
701	701
170	170
606	606
658	658
131	131
407	407
424	424
385	385
751	751
841	841
82	82
330	330
149	149
838	838
695	695
359	359
924	924
194	194
201	201
751	751
739	739
152	152
541	541
127	127
747	747
527	527
703	703
226	226
174	174
831	831
929	929
859	859
474	474
30	30
963	963
812	812
999	999
412	412
697	697
74	74
539	539
718	718
724	724
817	817
888	888
128	128
992	992
61	61
745	745
89	89
703	703
970	970
429	429
419	419
260	260
905	905
240	240
383	383
34	34
222	222
579	579
860	860
797	797
51	51
800	800
442	442
566	566
269	269
676	676
154	154
709	709
462	462
74	74
463	463
538	538
360	360
983	983
954	954
122	122
540	540
79	79
484	484
737	737
37	37
165	165
280	280
150	150
626	626
778	778
898	898
934	934
613	613
812	812
939	939
323	323
984	984
