90
180
469
461
593
513
526
498
516
456
419
422
525
473
451
593
529
456
456
503
412
518
450
499
417
403
409
591
427
596
413
471
461
477
433
543
559
456
512
585
474
582
534
548
566
446
417
434
458
460
401
512
484
572
566
403
450
463
434
577
536
549
423
494
410
516
490
400
461
551
440
565
457
555
407
564
561
422
552
441
478
544
580
573
513
519
453
509
560
446
502
1265
175	175
596	596
452	452
710	710
24	24
433	433
708	708
680	680
754	754
313	313
277	277
920	920
527	527
548	548
602	602
650	650
557	557
58	58
636	636
579	579
931	931
232	232
487	487
807	807
391	391
908	908
689	689
384	384
959	959
239	239
20	20
482	482
657	657
866	866
760	760
53	53
324	324
900	900
209	209
849	849
253	253
255	255
618	618
768	768
276	276
379	379
359	359
381	381
904	904
906	906
133	133
770	770
194	194
470	470
723	723
739	739
642	642
60	60
791	791
124	124
389	389
692	692
830	830
180	180
448	448
454	454
865	865
140	140
683	683
391	391
356	356
572	572
576	576
657	657
40	40
933	933
766	766
357	357
363	363
272	272
720	720
595	595
660	660
788	788
885	885
839	839
925	925
543	543
501	501
611	611
656	656
914	914
487	487
713	713
261	261
418	418
89	89
909	909
349	349
381	381
99	99
517	517
741	741
344	344
636	636
417	417
196	196
622	622
293	293
899	899
494	494
280	280
266	266
395	395
259	259
89	89
931	931
158	158
145	145
960	960
978	978
915	915
864	864
812	812
926	926
499	499
956	956
78	78
486	486
577	577
344	344
283	283
315	315
148	148
68	68
163	163
569	569
184	184
394	394
321	321
31	31
864	864
537	537
990	990
295	295
614	614
380	380
146	146
936	936
321	321
764	764
321	321
475	475
944	944
442	442
559	559
348	348
349	349
36	36
259	259
64	64
543	543
894	894
246	246
68	68
365	365
305	305
590	590
16	16
376	376
570	570
291	291
987	987
334	334
571	571
379	379
804	804
276	276
388	388
419	419
