75
225
874
811
787
600
599
645
783
704
728
598
615
761
877
748
670
611
695
778
644
752
601
776
800
681
814
749
697
686
680
774
656
778
742
807
806
638
592
815
833
648
607
861
723
682
654
596
715
631
778
871
840
863
619
774
694
631
651
723
673
781
804
791
860
669
662
799
696
619
871
785
665
622
761
823
1305
950	230
505	774
258	361
837	461
199	686
339	888
514	687
429	291
187	449
672	839
892	84
48	42
30	478
748	619
346	549
649	96
945	964
402	914
200	32
531	556
81	555
789	672
493	145
96	979
144	305
640	290
354	806
153	348
133	23
565	2
96	68
469	157
730	642
285	262
467	792
648	644
979	371
769	161
520	207
133	230
115	879
738	928
229	862
739	179
448	407
379	775
868	219
120	600
214	681
562	586
498	330
41	459
944	445
283	491
751	784
572	243
647	569
960	754
731	884
442	694
62	774
47	689
887	241
143	665
456	392
685	812
30	150
101	51
38	754
423	495
652	678
26	66
874	744
341	392
323	88
442	829
740	307
907	656
856	496
323	904
968	433
200	334
153	716
739	244
932	850
398	164
48	39
705	756
20	740
859	696
546	578
497	833
182	856
965	284
521	694
146	414
365	122
670	935
272	539
375	476
189	717
312	954
783	677
362	216
851	165
559	148
522	577
665	32
747	307
504	574
185	668
521	138
735	821
654	328
820	253
965	197
148	611
431	946
371	446
87	894
17	362
559	227
403	663
771	532
664	285
634	758
191	138
74	29
166	856
660	687
805	144
137	399
744	291
923	451
259	395
802	15
878	413
952	269
700	530
143	981
905	918
713	922
315	176
769	349
414	59
367	814
393	317
774	920
947	950
74	709
340	387
756	882
614	132
940	75
372	994
459	874
226	766
927	924
566	973
113	676
97	768
480	509
973	68
568	378
423	356
165	352
739	944
805	111
204	608
552	140
331	225
123	715
128	964
698	243
194	307
267	666
507	285
679	195
398	972
552	700
524	709
539	709
952	632
191	862
396	129
177	121
65	814
16	320
890	849
213	288
858	376
849	750
791	652
679	992
519	263
401	359
453	945
506	35
642	980
957	840
715	254
902	600
152	632
590	122
705	725
19	161
290	733
57	904
921	179
226	716
774	827
288	138
306	807
594	51
761	564
429	60
523	513
77	91
609	744
618	256
447	936
366	664
679	746
485	416
570	914
