90
180
403
410
596
565
407
561
441
512
490
419
508
490
575
410
407
409
417
436
547
495
493
566
505
589
444
543
572
478
450
458
492
475
418
466
440
455
576
441
449
437
527
413
402
447
564
575
462
410
448
442
470
559
501
449
491
493
411
543
455
442
424
444
550
474
504
436
493
401
527
468
409
456
445
414
447
420
411
452
406
482
453
442
542
441
518
443
452
468
511
2839
430	430
193	193
466	466
718	718
919	919
454	454
318	318
129	129
493	493
584	584
52	52
678	678
677	677
67	67
914	914
312	312
336	336
255	255
927	927
582	582
16	16
514	514
952	952
769	769
183	183
475	475
384	384
82	82
129	129
681	681
113	113
871	871
942	942
597	597
876	876
940	940
629	629
242	242
23	23
423	423
369	369
909	909
389	389
669	669
206	206
123	123
190	190
637	637
989	989
605	605
666	666
41	41
247	247
673	673
77	77
405	405
910	910
497	497
368	368
562	562
89	89
747	747
60	60
318	318
625	625
193	193
586	586
809	809
176	176
692	692
991	991
259	259
166	166
554	554
637	637
974	974
670	670
446	446
330	330
904	904
420	420
727	727
542	542
861	861
524	524
801	801
36	36
270	270
154	154
479	479
125	125
654	654
778	778
646	646
653	653
624	624
702	702
596	596
702	702
573	573
398	398
608	608
869	869
210	210
406	406
526	526
280	280
844	844
227	227
623	623
659	659
428	428
499	499
830	830
59	59
36	36
876	876
543	543
974	974
856	856
604	604
356	356
242	242
716	716
931	931
344	344
278	278
621	621
976	976
675	675
52	52
579	579
253	253
474	474
515	515
687	687
191	191
746	746
942	942
22	22
172	172
866	866
802	802
466	466
20	20
297	297
540	540
474	474
180	180
233	233
623	623
442	442
813	813
32	32
278	278
608	608
504	504
236	236
920	920
892	892
889	889
260	260
665	665
549	549
780	780
280	280
353	353
810	810
307	307
45	45
55	55
335	335
47	47
829	829
944	944
992	992
127	127
330	330
299	299
624	624
