90
180
528
563
485
431
562
439
521
411
537
390
443
478
407
452
559
576
544
431
418
532
454
529
481
448
541
526
391
411
540
582
442
419
531
473
445
527
515
417
578
483
543
496
404
422
453
412
454
415
419
545
408
529
418
444
502
541
568
414
487
554
451
462
530
487
409
389
475
475
389
405
512
483
566
554
427
396
542
397
443
452
429
457
538
561
426
567
551
397
507
1307
41	51
649	659
740	750
107	117
78	88
44	54
595	605
181	191
393	403
808	818
135	145
690	700
821	831
244	254
318	328
73	83
531	541
350	360
529	539
889	899
427	437
26	36
490	500
366	376
180	190
938	948
367	377
290	300
95	105
796	806
397	407
237	247
381	391
223	233
353	363
767	777
247	257
207	217
134	144
868	878
661	671
395	405
381	391
595	605
210	220
584	594
715	725
878	888
301	311
354	364
715	725
719	729
677	687
562	572
225	235
747	757
991	1001
622	632
833	843
790	800
938	948
68	78
132	142
436	446
39	49
470	480
940	950
946	956
284	294
349	359
254	264
306	316
885	895
193	203
150	160
215	225
527	537
834	844
587	597
716	726
697	707
673	683
437	447
89	99
797	807
677	687
620	630
434	444
288	298
699	709
470	480
545	555
129	139
709	719
307	317
270	280
566	576
899	909
476	486
973	983
646	656
288	298
643	653
755	765
99	109
132	142
48	58
40	50
370	380
635	645
800	810
287	297
611	621
866	876
956	966
171	181
699	709
767	777
23	33
748	758
786	796
754	764
856	866
487	497
281	291
168	178
981	991
26	36
177	187
260	270
799	809
752	762
833	843
800	810
292	302
873	883
935	945
504	514
386	396
391	401
418	428
326	336
405	415
589	599
488	498
921	931
657	667
656	666
460	470
71	81
848	858
461	471
16	26
799	809
174	184
132	142
10	20
748	758
395	405
289	299
489	499
833	843
475	485
814	824
312	322
646	656
212	222
281	291
707	717
976	986
318	328
43	53
264	274
83	93
865	875
734	744
212	222
395	405
275	285
998	1008
