75
225
792
633
911
632
757
873
793
915
753
648
822
699
814
699
837
849
760
851
915
894
640
760
902
767
838
792
656
795
769
685
698
739
768
715
699
754
844
861
653
807
818
728
810
732
658
846
741
891
744
718
804
848
688
877
904
637
812
703
851
804
642
746
650
653
728
675
633
877
794
627
630
841
819
633
996
436	798
870	21
412	6
646	40
917	486
500	423
692	321
576	586
95	453
225	70
800	80
831	205
48	517
78	339
762	286
989	281
32	665
921	645
336	336
291	865
308	876
498	114
861	122
773	700
949	257
78	269
364	986
104	503
48	681
450	810
957	939
451	945
263	960
170	732
901	580
265	38
414	744
479	760
681	502
182	629
637	437
46	959
958	177
545	443
990	199
82	368
840	15
371	749
725	987
277	259
397	367
952	849
262	674
15	735
119	460
266	774
922	960
848	342
391	676
673	799
763	238
115	228
493	682
746	356
653	537
887	187
316	44
192	185
761	113
624	865
294	333
742	437
425	979
194	600
799	75
493	572
986	455
399	589
159	51
85	334
965	731
686	386
203	520
219	302
279	998
753	189
511	936
827	683
445	741
456	599
388	448
502	971
10	66
820	101
249	802
300	83
299	640
46	482
954	190
526	984
915	288
667	731
239	654
171	945
728	983
204	185
436	432
441	426
644	774
236	627
282	96
693	67
698	432
362	778
461	548
306	383
375	432
663	195
103	350
768	253
920	233
685	424
602	382
546	43
512	843
316	479
867	429
993	350
141	229
22	329
813	730
901	251
164	973
872	269
892	457
945	937
173	274
205	291
446	519
554	452
838	259
581	185
929	240
241	828
139	477
94	105
296	50
184	404
234	176
337	89
460	351
583	692
378	682
805	282
882	710
372	655
565	331
649	257
480	74
16	229
787	648
750	57
402	689
356	258
372	865
973	471
916	815
851	813
954	291
659	340
876	225
532	482
128	398
835	887
626	650
150	345
29	935
14	121
545	10
149	61
927	815
698	519
508	505
502	894
92	722
683	323
614	744
872	599
846	746
495	251
720	97
174	873
271	858
705	913
628	10
574	125
958	435
239	249
685	719
444	358
708	90
770	374
385	588
604	733
510	527
801	974
214	415
582	267
712	424
715	497
397	332
35	363
90	548
290	358
887	694
159	533
139	833
647	781
639	717
491	980
641	614
911	126
775	779
706	120
190	201
