75
225
660
582
704
641
629
724
800
778
620
769
761
645
611
587
856
864
838
721
796
724
804
614
782
651
653
864
684
793
799
733
698
709
713
660
663
666
721
780
645
635
657
617
761
730
774
647
612
852
746
834
740
628
587
588
751
601
740
848
804
675
729
669
704
596
831
598
645
656
820
757
716
707
851
615
1922
287	476
678	233
368	925
893	166
570	396
487	488
816	259
908	744
440	801
767	697
175	256
902	57
45	231
105	703
512	896
954	404
837	588
895	813
242	174
432	584
843	150
403	4
168	447
433	606
509	810
415	377
137	364
604	38
84	678
31	85
196	340
668	907
577	280
85	444
488	511
278	626
608	652
899	518
750	404
273	631
347	898
954	265
215	780
687	568
804	470
187	701
605	261
818	280
293	526
523	543
355	832
935	957
152	31
708	566
519	427
626	546
330	305
15	137
566	928
182	862
885	687
81	831
267	332
853	723
876	832
218	549
973	249
290	648
384	480
441	172
625	29
795	488
140	871
880	96
322	376
400	81
298	169
112	10
653	442
64	310
931	836
782	695
336	394
962	413
466	557
216	919
873	240
381	233
19	268
583	734
499	749
768	256
304	892
247	335
160	925
83	518
224	12
428	700
433	812
116	601
851	656
844	879
40	238
10	964
508	232
623	205
891	277
946	60
807	432
158	925
853	103
725	238
137	358
106	845
52	261
894	510
697	1000
790	685
834	181
537	505
596	99
348	378
463	17
560	109
26	661
144	621
137	743
848	763
237	548
468	665
57	719
596	4
323	877
206	225
909	447
938	857
690	38
530	688
730	634
655	354
510	51
76	358
871	60
469	728
586	781
684	722
93	608
647	426
543	942
794	642
794	627
350	356
442	815
911	588
523	542
133	691
215	675
647	793
131	488
887	243
749	89
616	365
633	338
788	457
616	917
62	641
788	761
125	817
190	31
548	561
167	143
238	657
695	667
77	374
708	210
531	756
656	640
884	436
262	531
793	721
166	889
108	181
358	337
593	393
445	119
438	341
214	516
462	660
700	532
317	804
470	554
772	660
535	898
754	567
245	493
474	713
107	474
623	479
728	594
462	644
293	573
97	456
985	956
201	51
466	303
905	116
95	600
367	219
50	159
915	181
27	511
129	569
987	192
996	310
908	454
521	72
43	259
724	691
721	745
204	287
591	915
92	293
94	876
223	104
419	319
