75
375
1338
1094
1059
1298
1273
1431
1364
1162
1359
1108
1137
1283
1475
1340
1457
1134
1105
1241
1081
1175
1077
1167
1458
1140
1379
1375
1175
1155
1260
1288
1335
1083
1392
1419
1282
1332
1045
1276
1010
1252
1414
1240
1157
1466
1063
1413
1225
1388
1416
1016
1017
1195
1213
1374
1150
1120
1289
1089
1148
1181
1278
1496
1355
1078
1264
1014
1331
1024
1187
1390
1428
1017
1126
1098
2407
343	353
798	808
423	433
691	701
349	359
308	318
106	116
369	379
788	798
667	677
749	759
425	435
122	132
440	450
862	872
646	656
254	264
63	73
999	1009
704	714
701	711
547	557
57	67
523	533
822	832
288	298
525	535
844	854
19	29
352	362
56	66
146	156
842	852
127	137
865	875
236	246
147	157
776	786
885	895
121	131
860	870
67	77
570	580
10	20
54	64
346	356
170	180
534	544
722	732
290	300
102	112
72	82
526	536
199	209
261	271
835	845
147	157
387	397
894	904
111	121
38	48
887	897
106	116
903	913
530	540
594	604
728	738
730	740
582	592
772	782
995	1005
337	347
479	489
586	596
534	544
820	830
251	261
569	579
12	22
842	852
277	287
241	251
555	565
876	886
450	460
540	550
11	21
562	572
715	725
615	625
208	218
691	701
915	925
219	229
160	170
101	111
85	95
686	696
460	470
35	45
732	742
629	639
497	507
628	638
284	294
833	843
917	927
185	195
78	88
243	253
279	289
379	389
706	716
765	775
611	621
172	182
386	396
565	575
149	159
155	165
770	780
426	436
975	985
822	832
944	954
571	581
554	564
761	771
356	366
772	782
279	289
609	619
891	901
182	192
218	228
109	119
91	101
243	253
835	845
353	363
846	856
846	856
893	903
498	508
129	139
692	702
272	282
267	277
751	761
753	763
755	765
367	377
107	117
161	171
576	586
821	831
361	371
564	574
865	875
586	596
831	841
61	71
36	46
380	390
134	144
356	366
548	558
373	383
273	283
993	1003
763	773
699	709
665	675
59	69
27	37
206	216
202	212
476	486
363	373
328	338
203	213
756	766
289	299
659	669
608	618
924	934
857	867
176	186
299	309
968	978
769	779
617	627
115	125
378	388
148	158
20	30
345	355
525	535
728	738
599	609
710	720
139	149
81	91
697	707
649	659
880	890
843	853
792	802
765	775
532	542
94	104
616	626
148	158
397	407
24	34
922	932
878	888
550	560
587	597
132	142
798	808
998	1008
172	182
668	678
538	548
535	545
863	873
301	311
532	542
226	236
358	368
467	477
392	402
387	397
717	727
714	724
823	833
593	603
917	927
272	282
367	377
785	795
427	437
497	507
965	975
52	62
598	608
619	629
618	628
735	745
950	960
178	188
809	819
963	973
997	1007
855	865
633	643
904	914
944	954
44	54
463	473
288	298
64	74
213	223
981	991
313	323
268	278
158	168
55	65
744	754
767	777
65	75
631	641
199	209
105	115
295	305
820	830
73	83
773	783
828	838
284	294
962	972
914	924
829	839
176	186
670	680
506	516
70	80
422	432
762	772
906	916
88	98
799	809
907	917
702	712
637	647
475	485
309	319
926	936
584	594
153	163
200	210
153	163
300	310
900	910
477	487
288	298
304	314
952	962
309	319
528	538
948	958
369	379
356	366
13	23
585	595
624	634
31	41
888	898
409	419
288	298
146	156
832	842
374	384
186	196
533	543
189	199
986	996
207	217
341	351
684	694
410	420
845	855
46	56
978	988
482	492
749	759
982	992
53	63
980	990
387	397
845	855
803	813
141	151
74	84
976	986
517	527
886	896
872	882
376	386
792	802
831	841
54	64
977	987
510	520
751	761
76	86
753	763
768	778
78	88
950	960
405	415
148	158
331	341
767	777
604	614
228	238
676	686
181	191
910	920
954	964
699	709
97	107
13	23
918	928
