90
180
508
454
475
451
616
448
449
460
479
475
488
493
607
424
466
438
514
501
609
617
519
512
478
446
604
476
451
489
525
437
459
444
442
498
502
437
491
584
464
555
600
430
450
509
453
454
543
553
491
571
568
624
430
604
594
525
576
472
456
501
487
504
577
571
562
424
624
579
483
470
522
626
536
479
611
517
441
538
515
576
623
491
597
550
470
553
531
501
468
1669
322	233
565	476
208	247
573	654
200	243
53	110
644	733
103	193
190	149
868	935
909	956
203	264
224	211
596	683
713	723
111	195
588	674
899	871
283	256
707	731
207	287
111	194
616	711
748	658
955	881
967	921
206	128
440	475
610	672
165	227
818	724
244	246
951	1008
852	952
914	911
402	362
317	275
784	827
964	1048
484	484
442	508
197	196
305	262
492	440
470	479
995	1030
142	42
405	321
619	532
945	866
78	69
565	592
428	435
141	132
388	436
816	735
962	897
405	379
722	806
697	744
156	67
927	935
472	479
895	796
367	361
171	244
909	924
923	1006
878	869
564	660
724	762
903	959
569	634
568	515
347	445
967	957
982	999
877	805
60	49
415	391
478	563
316	395
602	582
340	430
772	817
784	723
822	811
727	683
93	68
96	60
327	293
888	826
684	742
120	49
996	1036
562	521
125	98
702	752
489	486
194	236
176	92
198	201
476	550
883	926
136	153
449	425
347	301
889	883
801	714
56	109
953	870
869	800
927	1022
67	47
757	763
648	653
659	694
557	469
302	220
622	707
175	78
377	331
940	863
843	821
207	227
736	758
708	790
703	703
95	33
781	724
989	924
200	160
612	648
60	146
802	891
813	873
44	4
117	113
682	693
223	260
513	475
803	771
20	22
388	410
90	169
887	939
671	602
161	170
641	687
377	345
261	201
247	338
869	884
403	436
826	781
453	511
521	526
191	261
595	529
218	208
827	815
902	975
46	61
850	935
826	878
701	721
785	829
106	94
615	658
542	614
84	149
324	253
450	385
802	723
648	695
214	256
915	916
53	59
817	800
328	396
