90
180
511
459
553
552
531
479
452
600
513
491
504
622
617
420
478
496
442
506
624
525
472
562
609
512
543
441
539
456
503
533
600
438
504
606
517
454
592
558
549
562
499
532
514
451
546
559
473
505
527
537
438
573
432
530
509
501
482
447
444
456
447
547
477
419
483
428
544
507
588
497
472
419
464
523
548
528
468
417
497
427
442
504
622
583
442
426
481
484
564
1879
503	525
100	13
693	738
561	511
565	486
120	33
935	919
43	112
669	697
802	765
253	281
881	840
327	361
105	165
214	202
440	378
589	681
411	360
337	376
673	688
857	906
753	771
391	339
409	509
611	580
674	699
468	532
541	620
715	805
262	194
507	606
356	332
513	606
369	383
888	931
335	341
994	1013
138	144
647	568
532	591
754	655
197	176
836	869
538	463
692	706
509	558
756	843
300	222
627	674
932	914
596	579
220	265
421	351
251	322
40	110
318	288
372	323
774	855
775	683
338	311
879	784
955	1020
867	954
425	463
188	175
49	133
117	203
570	505
936	837
124	89
971	1060
102	32
427	492
802	751
927	915
763	709
608	706
418	445
716	654
323	368
933	907
529	460
77	36
201	262
673	682
60	37
779	879
718	727
497	475
115	195
92	149
699	631
855	799
603	610
13	100
921	1020
276	185
109	150
538	512
668	767
963	1027
503	410
359	325
39	131
547	510
12	59
779	855
809	738
596	562
193	159
918	881
746	664
374	309
401	346
938	843
934	871
923	1005
282	359
937	950
410	359
647	672
590	629
239	251
59	2
609	548
528	555
462	372
869	897
389	443
307	308
696	665
82	3
197	186
126	128
103	24
490	485
372	360
953	909
362	462
897	997
919	892
532	626
537	533
793	759
475	468
636	601
455	417
861	859
10	62
852	853
587	542
383	350
953	1015
970	943
573	567
511	521
451	522
746	673
864	860
457	472
830	871
125	163
671	756
951	949
73	161
409	390
234	277
601	644
48	63
271	243
604	602
985	988
111	40
610	659
988	982
78	96
674	578
636	734
488	495
473	561
