90
180
537
532
403
469
439
474
398
503
583
434
546
450
505
465
520
578
533
427
539
474
414
584
485
402
501
486
427
430
412
407
495
414
449
576
567
516
440
418
418
459
436
488
557
507
414
503
561
581
540
480
518
433
439
510
449
397
434
437
538
552
477
570
494
400
405
560
426
500
540
518
568
532
523
582
584
437
418
531
406
413
589
568
493
500
572
464
458
394
474
1142
447	77
187	277
684	20
254	594
414	921
96	651
47	375
211	294
570	439
496	128
271	61
151	813
982	36
29	126
848	296
209	804
60	962
671	996
570	73
370	828
998	438
267	421
926	657
596	497
966	115
117	839
586	235
424	716
846	245
687	964
446	64
353	714
317	175
540	868
487	82
775	243
122	550
366	225
471	714
530	804
707	547
994	354
815	979
59	37
145	813
748	657
56	412
418	139
170	796
921	13
823	137
300	143
592	199
954	712
279	282
651	62
646	271
543	346
599	331
774	127
151	826
887	556
735	410
301	360
451	50
863	190
801	765
383	161
161	779
46	242
330	929
112	447
479	576
698	662
207	932
756	131
979	286
30	726
393	892
523	145
45	447
768	336
675	485
182	185
318	201
448	46
966	592
871	625
61	124
197	23
205	254
997	680
794	176
237	567
944	361
449	589
449	644
82	722
268	187
541	894
599	752
440	461
978	269
559	50
939	101
184	557
661	370
143	967
441	695
699	653
898	617
867	740
346	818
459	565
886	126
754	689
507	10
250	302
574	561
277	434
660	369
847	567
952	414
444	672
858	725
833	971
247	524
350	743
176	56
686	720
41	854
12	297
373	230
339	954
395	901
34	282
634	546
556	694
949	123
745	266
842	129
223	143
148	314
146	462
343	429
702	684
824	523
976	703
362	116
275	280
323	551
336	353
194	159
822	57
823	66
717	246
76	987
472	434
459	51
148	553
94	995
676	129
615	117
131	915
606	588
915	713
927	377
270	201
619	487
409	113
246	409
528	899
66	827
436	747
156	631
749	462
628	953
749	830
324	220
532	964
