75
225
687
725
814
676
783
718
720
665
869
882
658
847
665
807
686
664
787
882
900
766
708
664
611
831
873
681
765
776
879
720
653
865
735
778
653
742
610
867
757
659
723
799
869
692
775
860
776
642
863
864
663
673
810
644
739
643
776
700
702
671
673
725
873
639
828
813
855
655
858
643
893
724
813
683
1011
701	711
125	135
391	401
734	744
608	618
365	375
315	325
148	158
348	358
381	391
604	614
816	826
231	241
184	194
71	81
784	794
643	653
625	635
864	874
347	357
107	117
331	341
849	859
183	193
151	161
145	155
78	88
914	924
612	622
675	685
418	428
906	916
947	957
437	447
506	516
586	596
508	518
489	499
903	913
301	311
591	601
232	242
620	630
340	350
287	297
812	822
793	803
827	837
675	685
26	36
390	400
365	375
673	683
589	599
807	817
480	490
912	922
817	827
348	358
418	428
997	1007
98	108
991	1001
408	418
348	358
173	183
267	277
614	624
425	435
324	334
842	852
428	438
369	379
476	486
473	483
193	203
423	433
897	907
695	705
958	968
232	242
710	720
396	406
968	978
756	766
529	539
128	138
974	984
533	543
337	347
410	420
62	72
778	788
235	245
539	549
877	887
463	473
993	1003
969	979
171	181
49	59
136	146
843	853
836	846
144	154
126	136
94	104
518	528
417	427
635	645
251	261
152	162
924	934
620	630
838	848
699	709
98	108
669	679
301	311
373	383
717	727
340	350
572	582
697	707
379	389
275	285
838	848
218	228
772	782
825	835
172	182
827	837
423	433
825	835
133	143
940	950
212	222
535	545
637	647
97	107
218	228
121	131
559	569
330	340
100	110
641	651
845	855
581	591
57	67
370	380
470	480
585	595
291	301
975	985
917	927
891	901
521	531
99	109
266	276
400	410
588	598
868	878
494	504
878	888
50	60
279	289
743	753
920	930
706	716
384	394
580	590
127	137
396	406
145	155
310	320
471	481
96	106
236	246
640	650
20	30
306	316
809	819
338	348
450	460
954	964
442	452
897	907
636	646
441	451
413	423
863	873
451	461
185	195
568	578
815	825
109	119
898	908
915	925
315	325
322	332
800	810
499	509
285	295
386	396
833	843
340	350
999	1009
642	652
47	57
887	897
607	617
38	48
23	33
951	961
502	512
887	897
213	223
280	290
128	138
549	559
599	609
834	844
540	550
357	367
727	737
