150
300
406
557
510
494
495
408
488
481
553
434
560
557
485
416
546
594
528
521
402
456
569
522
541
597
417
469
439
445
508
586
414
503
559
542
511
437
547
452
416
444
457
506
406
429
509
581
576
443
424
455
563
421
561
448
440
463
492
458
515
476
430
434
540
407
448
516
443
555
522
509
488
502
433
527
481
469
572
457
536
548
571
405
500
414
417
447
598
492
428
570
495
569
442
444
465
509
463
421
435
495
572
548
552
497
578
491
402
599
407
525
442
520
432
540
404
449
584
535
521
454
512
572
509
426
496
530
547
560
572
515
509
507
442
432
576
491
467
502
511
505
481
591
495
454
512
572
499
511
599
1487
106	106
342	342
238	238
578	578
891	891
912	912
886	886
818	818
896	896
86	86
29	29
736	736
418	418
667	667
673	673
761	761
423	423
192	192
694	694
846	846
229	229
410	410
819	819
703	703
287	287
790	790
449	449
523	523
118	118
609	609
511	511
721	721
228	228
993	993
635	635
53	53
976	976
611	611
52	52
48	48
975	975
242	242
677	677
714	714
715	715
588	588
838	838
785	785
165	165
188	188
41	41
282	282
482	482
310	310
57	57
481	481
548	548
891	891
994	994
99	99
847	847
361	361
241	241
201	201
612	612
380	380
454	454
370	370
94	94
57	57
203	203
21	21
419	419
964	964
474	474
168	168
905	905
50	50
495	495
682	682
687	687
672	672
494	494
859	859
860	860
375	375
210	210
147	147
223	223
413	413
355	355
21	21
50	50
215	215
149	149
532	532
697	697
376	376
479	479
298	298
225	225
572	572
998	998
45	45
708	708
320	320
134	134
929	929
517	517
862	862
17	17
912	912
618	618
461	461
113	113
68	68
620	620
128	128
197	197
711	711
117	117
845	845
877	877
188	188
145	145
712	712
199	199
763	763
26	26
579	579
869	869
814	814
939	939
676	676
871	871
121	121
121	121
439	439
860	860
235	235
500	500
113	113
345	345
837	837
475	475
191	191
98	98
328	328
504	504
253	253
880	880
109	109
144	144
797	797
251	251
794	794
873	873
444	444
387	387
314	314
151	151
681	681
29	29
951	951
319	319
371	371
10	10
812	812
137	137
249	249
854	854
119	119
449	449
212	212
269	269
320	320
673	673
465	465
952	952
323	323
956	956
74	74
909	909
608	608
246	246
633	633
556	556
88	88
625	625
744	744
347	347
480	480
616	616
211	211
564	564
831	831
972	972
157	157
419	419
404	404
222	222
623	623
860	860
128	128
649	649
31	31
331	331
842	842
934	934
729	729
636	636
754	754
802	802
206	206
685	685
473	473
404	404
684	684
871	871
577	577
264	264
203	203
539	539
150	150
993	993
517	517
547	547
939	939
57	57
766	766
960	960
780	780
867	867
358	358
665	665
707	707
564	564
984	984
842	842
677	677
881	881
396	396
118	118
569	569
422	422
637	637
248	248
253	253
626	626
254	254
962	962
839	839
229	229
750	750
198	198
819	819
28	28
68	68
139	139
800	800
247	247
514	514
73	73
620	620
613	613
193	193
549	549
551	551
415	415
690	690
95	95
712	712
104	104
763	763
858	858
996	996
821	821
794	794
658	658
526	526
894	894
401	401
502	502
607	607
394	394
845	845
314	314
713	713
270	270
939	939
851	851
969	969
684	684
993	993
122	122
26	26
941	941
643	643
959	959
498	498
