150
300
424
466
477
507
520
424
490
542
484
585
571
394
567
392
513
553
548
436
472
515
393
553
481
558
401
443
447
465
450
525
402
407
564
525
416
450
442
529
398
459
461
433
505
524
416
432
534
412
468
575
396
464
443
479
493
531
438
533
480
484
411
498
416
514
426
540
411
440
396
483
555
468
547
541
474
465
501
552
569
569
558
485
532
393
488
579
529
507
485
424
580
422
498
502
399
488
577
560
527
471
545
568
474
486
398
571
500
527
481
482
485
468
536
437
459
547
407
397
412
425
505
573
504
411
475
489
520
391
466
481
478
419
510
550
483
500
493
430
469
487
413
571
582
395
553
559
428
416
537
1214
972	959
709	625
224	227
658	627
792	816
88	32
104	61
402	441
749	777
212	277
106	20
837	872
851	895
977	944
499	594
890	936
499	495
525	581
460	382
605	655
601	590
566	575
459	382
520	509
591	627
125	92
595	525
367	445
273	185
593	592
530	476
627	672
486	538
536	608
936	1027
306	305
382	311
814	856
586	607
935	939
598	518
840	832
179	190
447	353
345	350
796	780
689	634
611	659
372	397
396	299
512	436
981	1049
921	826
244	246
756	775
513	447
858	919
476	554
741	782
97	9
118	107
917	882
963	987
151	103
159	158
781	856
324	282
313	302
460	436
21	42
546	552
727	637
231	288
89	7
559	571
618	582
197	136
56	19
386	429
704	608
477	565
157	222
684	736
376	342
49	87
221	223
623	625
374	287
255	190
767	753
60	98
768	761
823	774
319	276
333	292
327	265
666	685
57	58
174	255
524	486
234	157
762	727
61	68
57	69
476	524
103	60
212	152
538	483
575	514
50	61
881	964
244	246
698	718
101	80
171	110
800	860
127	173
72	26
218	123
558	597
934	882
694	786
223	126
779	869
659	674
433	412
628	676
463	392
448	523
219	192
18	66
218	313
256	312
949	1039
247	194
49	31
661	566
902	956
524	448
79	92
284	273
712	752
333	342
721	807
902	875
144	159
468	528
706	684
223	294
655	688
895	867
707	658
965	919
845	934
370	321
829	845
976	937
803	806
516	579
532	592
468	465
981	991
814	880
419	519
584	491
279	308
97	187
113	47
857	929
660	621
340	373
763	708
691	655
279	207
17	5
812	733
576	490
279	203
537	522
819	799
535	497
366	372
199	190
610	569
353	364
521	605
93	64
134	228
917	965
396	453
570	612
54	9
163	161
639	616
12	68
625	533
903	820
606	526
608	575
221	211
437	521
909	841
220	277
404	314
993	1042
46	109
685	646
448	442
338	341
699	754
426	522
973	1061
717	641
556	654
735	754
343	422
784	801
204	259
680	630
379	304
749	737
110	161
472	545
172	103
129	193
854	933
605	574
939	852
127	155
119	26
789	697
170	210
844	781
183	220
148	166
514	456
888	849
351	332
189	116
484	571
601	638
620	574
699	781
443	506
336	354
316	221
668	602
506	600
462	405
968	923
399	417
846	917
223	319
256	245
907	999
854	873
920	932
233	277
88	34
695	775
871	807
222	239
437	351
538	467
175	109
734	788
464	481
851	944
310	225
271	261
693	729
188	144
948	857
563	628
362	358
297	278
294	306
662	599
325	313
13	108
29	58
332	274
529	551
302	363
421	397
740	796
21	77
815	883
761	692
272	324
522	433
419	503
177	257
720	663
967	955
609	541
239	331
512	575
671	701
95	24
