90
180
503
421
442
585
449
420
514
539
436
487
411
414
416
489
452
579
533
517
492
522
529
561
434
553
496
401
481
423
407
505
464
497
463
485
405
436
508
555
461
493
530
575
501
581
501
488
495
566
532
404
581
428
576
402
477
473
527
528
518
476
525
475
445
580
498
478
521
407
447
472
440
510
497
425
481
516
400
475
437
464
585
502
430
408
569
443
540
515
505
1056
636	709
147	940
787	379
228	952
896	529
798	778
608	837
273	813
645	183
613	820
528	22
600	735
344	554
482	891
69	979
176	317
484	96
663	208
529	922
519	580
21	362
54	722
315	896
145	974
901	718
276	28
859	988
780	942
427	221
330	980
493	498
410	893
137	365
741	478
500	257
89	353
683	152
594	967
246	221
431	120
801	187
825	578
521	373
413	761
246	248
651	126
782	350
813	811
222	36
871	742
50	230
172	692
497	10
887	992
966	426
667	180
360	254
883	167
500	289
187	511
374	203
427	897
692	263
578	511
79	845
655	401
746	219
907	815
80	496
297	454
494	193
890	337
357	727
37	898
231	681
426	305
353	406
590	268
344	405
582	920
201	209
850	727
881	735
821	730
812	850
530	649
190	569
705	32
803	398
85	748
566	91
99	743
622	321
518	856
351	473
283	295
722	526
201	399
897	586
384	701
75	600
418	512
719	202
478	33
233	276
17	869
678	360
918	984
462	932
546	916
700	225
887	379
947	645
916	42
805	412
434	478
173	882
877	155
334	268
341	827
379	815
969	284
362	697
134	213
48	671
186	649
687	326
331	173
876	167
152	615
851	220
715	144
271	656
79	564
558	847
858	462
761	456
280	193
506	140
649	869
574	882
170	591
100	969
949	236
476	834
253	255
911	84
412	801
428	490
195	360
436	779
446	476
736	552
278	901
644	563
241	417
102	429
274	453
148	712
78	617
672	143
754	505
43	444
527	505
732	472
783	346
304	808
989	730
813	973
548	424
607	668
29	344
553	624
634	124
423	181
384	692
241	575
299	782
900	498
639	178
