150
300
473
613
566
612
594
566
551
574
541
514
491
492
480
601
567
434
632
626
536
473
553
568
619
599
523
456
596
489
529
614
462
565
612
623
446
447
560
443
427
443
518
560
473
497
465
635
473
523
555
453
585
526
615
585
545
435
532
475
532
480
543
440
447
447
429
473
474
575
571
605
508
517
479
451
434
620
559
603
459
575
467
524
574
467
450
470
503
601
585
561
431
529
494
573
490
549
627
427
502
635
565
504
454
588
518
617
588
505
581
491
587
572
445
443
463
468
472
516
582
552
514
540
491
533
616
625
593
574
562
461
442
448
461
600
532
505
445
524
428
514
547
441
526
456
580
522
484
542
505
1582
104	114
846	856
297	307
469	479
553	563
142	152
771	781
435	445
274	284
625	635
376	386
120	130
218	228
605	615
634	644
901	911
162	172
943	953
370	380
582	592
603	613
165	175
899	909
218	228
610	620
717	727
958	968
373	383
910	920
548	558
884	894
532	542
374	384
108	118
623	633
779	789
35	45
967	977
989	999
472	482
579	589
888	898
528	538
118	128
497	507
204	214
517	527
770	780
652	662
614	624
491	501
551	561
404	414
229	239
112	122
518	528
728	738
196	206
757	767
974	984
554	564
231	241
35	45
805	815
93	103
54	64
680	690
251	261
629	639
630	640
760	770
701	711
651	661
89	99
367	377
932	942
680	690
410	420
456	466
648	658
409	419
331	341
934	944
947	957
295	305
275	285
862	872
77	87
839	849
910	920
282	292
683	693
546	556
374	384
148	158
806	816
902	912
852	862
355	365
480	490
383	393
552	562
908	918
966	976
40	50
503	513
660	670
587	597
824	834
327	337
241	251
762	772
524	534
644	654
447	457
773	783
690	700
519	529
124	134
569	579
343	353
891	901
421	431
673	683
798	808
392	402
535	545
884	894
45	55
330	340
293	303
850	860
26	36
602	612
436	446
677	687
971	981
12	22
824	834
174	184
888	898
474	484
752	762
716	726
275	285
748	758
517	527
981	991
910	920
285	295
788	798
136	146
987	997
52	62
968	978
105	115
260	270
789	799
607	617
953	963
18	28
241	251
710	720
910	920
316	326
748	758
305	315
733	743
946	956
365	375
835	845
819	829
665	675
546	556
990	1000
673	683
296	306
732	742
221	231
641	651
179	189
316	326
222	232
453	463
122	132
983	993
297	307
23	33
754	764
518	528
998	1008
434	444
647	657
987	997
536	546
110	120
857	867
330	340
971	981
548	558
737	747
168	178
373	383
709	719
971	981
668	678
182	192
368	378
852	862
450	460
255	265
771	781
463	473
531	541
592	602
782	792
224	234
97	107
385	395
645	655
904	914
743	753
460	470
302	312
397	407
757	767
251	261
112	122
293	303
967	977
683	693
160	170
818	828
578	588
869	879
110	120
347	357
999	1009
566	576
956	966
461	471
455	465
952	962
507	517
787	797
285	295
521	531
753	763
362	372
578	588
928	938
173	183
288	298
814	824
944	954
41	51
941	951
613	623
235	245
498	508
13	23
546	556
164	174
105	115
838	848
731	741
284	294
116	126
335	345
209	219
775	785
321	331
979	989
270	280
494	504
868	878
142	152
952	962
587	597
815	825
962	972
359	369
268	278
938	948
499	509
573	583
413	423
692	702
483	493
327	337
179	189
882	892
379	389
225	235
41	51
358	368
942	952
588	598
249	259
69	79
