90
180
417
404
417
511
464
427
564
412
565
551
513
473
577
416
432
504
559
584
485
471
421
448
497
410
418
455
555
415
465
560
565
561
454
489
507
528
601
588
594
436
545
598
592
554
542
559
578
487
486
416
457
508
531
416
528
564
417
425
563
462
485
523
540
575
502
470
476
413
441
584
509
472
544
427
438
425
469
475
544
442
582
457
411
471
442
507
453
476
466
1488
477	684
641	583
513	603
370	57
249	156
403	409
235	75
739	244
417	362
57	766
573	227
672	997
324	917
946	279
524	844
965	101
398	322
633	791
207	666
774	50
344	335
575	696
448	776
658	767
188	990
192	812
649	849
90	33
582	168
513	677
805	664
964	939
536	336
555	774
240	386
542	507
769	539
566	623
751	495
649	795
450	39
135	669
310	196
351	713
19	561
966	255
977	844
329	319
307	821
421	242
551	770
643	827
271	434
188	175
343	136
483	632
732	699
19	552
933	28
31	668
73	471
48	958
889	118
732	624
217	994
742	526
913	491
229	875
997	34
934	719
974	573
759	511
798	979
602	61
623	537
707	458
497	323
955	273
224	495
839	702
404	423
347	191
803	29
336	674
306	476
828	399
196	644
321	127
771	7
99	805
227	186
31	571
285	198
440	233
547	951
469	562
978	564
932	887
523	600
180	944
874	784
439	135
350	231
891	32
16	798
390	471
494	176
573	960
841	293
904	180
21	965
336	370
494	224
467	573
79	156
799	797
719	566
830	160
576	948
258	546
177	722
749	755
883	211
48	200
630	395
93	540
740	755
327	529
647	101
584	985
498	848
484	578
935	86
589	321
836	844
210	614
92	265
84	969
558	195
169	99
659	479
342	977
473	807
231	292
651	241
375	476
266	637
404	22
132	423
845	707
862	542
650	107
147	36
771	434
694	840
634	90
981	32
650	769
849	810
860	917
748	277
548	869
810	683
833	561
129	314
252	949
155	100
457	362
700	763
664	317
919	289
312	836
26	503
445	742
232	724
218	819
616	33
259	604
349	418
98	556
