75
225
738
664
820
834
605
675
730
689
782
864
717
614
661
790
822
868
765
619
753
614
772
816
887
791
637
643
817
662
799
875
763
758
807
642
742
795
723
720
611
621
635
796
759
727
902
679
792
862
869
624
800
782
643
901
673
680
659
799
794
660
900
871
764
686
602
664
680
726
827
689
820
788
735
655
1506
489	539
488	546
174	93
611	680
788	765
143	159
954	1031
374	287
542	494
360	411
929	925
216	181
833	824
152	84
103	71
326	401
15	74
414	358
36	79
35	31
442	379
222	138
63	14
158	120
817	764
794	799
654	612
410	396
691	612
187	265
307	225
148	237
272	268
824	913
825	831
497	593
918	859
284	273
865	803
958	971
740	833
945	900
63	95
263	346
246	208
1000	904
715	691
666	607
189	115
520	585
274	308
144	181
278	253
733	767
98	58
382	305
393	366
118	36
264	218
893	903
878	832
83	1
715	660
1000	1029
390	298
402	435
101	165
682	620
689	739
994	987
107	206
705	626
52	117
198	122
239	328
75	10
370	409
945	866
402	414
725	767
841	823
549	471
162	146
130	84
827	909
680	604
889	897
520	425
501	464
115	184
877	925
854	912
333	252
958	1050
471	552
601	658
472	403
852	836
860	787
471	433
201	104
990	1015
421	439
62	26
886	890
644	587
977	948
637	695
737	778
478	410
903	823
842	751
602	581
383	330
127	178
889	972
312	363
80	155
244	313
778	834
641	662
989	984
791	871
109	106
843	891
221	283
751	766
82	5
879	789
707	669
709	771
536	588
334	341
434	354
123	166
555	632
649	590
917	1005
474	456
851	926
534	597
410	363
559	610
24	32
44	82
629	695
109	27
518	521
586	524
193	147
578	520
768	767
191	180
47	39
443	457
165	201
392	483
15	30
850	795
393	474
706	622
739	809
349	282
982	981
87	68
264	354
111	93
40	133
275	216
747	697
729	753
823	730
43	103
397	483
320	391
55	18
452	356
679	587
967	936
855	760
951	860
327	302
432	506
341	266
629	529
767	715
565	642
86	158
631	608
856	918
20	11
377	422
330	234
392	441
247	314
716	746
755	696
738	638
57	69
507	591
528	511
855	756
555	462
112	28
76	48
879	913
354	384
818	890
881	921
906	824
150	210
173	75
525	592
362	461
681	632
726	805
794	789
778	703
132	97
918	1007
775	855
835	878
622	616
79	88
858	885
