75
225
900
935
846
780
813
898
869
811
696
837
800
815
770
903
824
854
917
745
875
780
703
936
768
680
649
821
835
750
807
965
681
684
806
678
838
822
664
729
942
906
771
749
903
747
746
646
664
775
710
909
714
804
798
899
961
933
724
680
687
911
766
653
910
795
842
644
853
841
762
728
826
838
956
861
1120
104	104
846	846
297	297
469	469
553	553
142	142
771	771
435	435
274	274
625	625
376	376
120	120
218	218
605	605
634	634
901	901
162	162
943	943
370	370
582	582
603	603
165	165
899	899
218	218
610	610
717	717
958	958
373	373
910	910
548	548
884	884
532	532
374	374
108	108
623	623
779	779
35	35
967	967
989	989
472	472
579	579
888	888
528	528
118	118
497	497
204	204
517	517
770	770
652	652
614	614
491	491
551	551
404	404
229	229
112	112
518	518
728	728
196	196
757	757
974	974
554	554
231	231
35	35
805	805
93	93
54	54
680	680
251	251
629	629
630	630
760	760
701	701
651	651
89	89
367	367
932	932
680	680
410	410
456	456
648	648
409	409
331	331
934	934
947	947
295	295
275	275
862	862
77	77
839	839
910	910
282	282
683	683
546	546
374	374
148	148
806	806
902	902
852	852
355	355
480	480
383	383
552	552
908	908
966	966
40	40
503	503
660	660
587	587
824	824
327	327
241	241
762	762
524	524
644	644
447	447
773	773
690	690
519	519
124	124
569	569
343	343
891	891
421	421
673	673
798	798
392	392
535	535
884	884
45	45
330	330
293	293
850	850
26	26
602	602
436	436
677	677
971	971
12	12
824	824
174	174
888	888
474	474
752	752
716	716
275	275
748	748
517	517
981	981
910	910
285	285
788	788
136	136
987	987
52	52
968	968
105	105
260	260
789	789
607	607
953	953
18	18
241	241
710	710
910	910
316	316
748	748
305	305
733	733
946	946
365	365
835	835
819	819
665	665
546	546
990	990
673	673
296	296
732	732
221	221
641	641
179	179
316	316
222	222
453	453
122	122
983	983
297	297
23	23
754	754
518	518
998	998
434	434
647	647
987	987
536	536
110	110
857	857
330	330
971	971
548	548
737	737
168	168
373	373
709	709
971	971
668	668
182	182
368	368
852	852
450	450
255	255
771	771
463	463
531	531
592	592
782	782
224	224
97	97
385	385
645	645
904	904
743	743
460	460
302	302
397	397
