75
375
1342
1520
1296
1374
1377
1575
1107
1206
1364
1572
1306
1521
1555
1160
1430
1106
1471
1452
1403
1227
1257
1149
1100
1234
1394
1563
1477
1451
1297
1077
1510
1219
1361
1319
1406
1144
1418
1373
1308
1198
1136
1579
1254
1517
1218
1230
1284
1272
1513
1264
1513
1156
1261
1240
1430
1186
1170
1337
1089
1447
1182
1139
1506
1217
1076
1336
1087
1321
1461
1158
1256
1444
1518
1383
3133
937	937
987	987
600	600
32	32
891	891
46	46
969	969
606	606
375	375
277	277
894	894
941	941
714	714
142	142
243	243
327	327
532	532
550	550
652	652
578	578
506	506
904	904
744	744
25	25
545	545
949	949
78	78
545	545
662	662
616	616
961	961
623	623
869	869
775	775
556	556
935	935
213	213
267	267
60	60
833	833
587	587
453	453
163	163
619	619
818	818
886	886
837	837
144	144
951	951
325	325
595	595
946	946
186	186
753	753
747	747
616	616
778	778
562	562
27	27
82	82
300	300
191	191
12	12
617	617
580	580
286	286
911	911
947	947
969	969
895	895
299	299
258	258
809	809
785	785
515	515
128	128
780	780
887	887
428	428
864	864
493	493
737	737
642	642
578	578
568	568
501	501
854	854
443	443
839	839
943	943
481	481
991	991
333	333
126	126
557	557
294	294
700	700
545	545
900	900
41	41
661	661
576	576
544	544
137	137
769	769
902	902
947	947
557	557
243	243
295	295
75	75
565	565
298	298
547	547
939	939
159	159
722	722
756	756
429	429
615	615
373	373
51	51
154	154
776	776
846	846
888	888
470	470
226	226
832	832
827	827
592	592
602	602
129	129
954	954
670	670
574	574
227	227
864	864
690	690
650	650
268	268
950	950
539	539
333	333
417	417
730	730
874	874
868	868
347	347
969	969
524	524
294	294
116	116
970	970
706	706
409	409
109	109
796	796
361	361
91	91
677	677
834	834
542	542
622	622
770	770
213	213
854	854
779	779
827	827
34	34
988	988
637	637
559	559
493	493
236	236
291	291
995	995
511	511
987	987
548	548
364	364
295	295
833	833
720	720
637	637
206	206
62	62
369	369
852	852
716	716
350	350
332	332
566	566
435	435
352	352
637	637
252	252
527	527
247	247
985	985
212	212
981	981
409	409
252	252
990	990
237	237
191	191
471	471
764	764
338	338
800	800
379	379
272	272
696	696
624	624
195	195
556	556
444	444
406	406
703	703
220	220
487	487
322	322
630	630
927	927
722	722
649	649
687	687
767	767
736	736
411	411
404	404
691	691
495	495
596	596
847	847
871	871
400	400
77	77
998	998
662	662
160	160
259	259
187	187
926	926
995	995
916	916
887	887
244	244
702	702
853	853
965	965
746	746
774	774
858	858
633	633
968	968
242	242
373	373
316	316
775	775
443	443
696	696
456	456
764	764
748	748
316	316
242	242
72	72
970	970
324	324
115	115
408	408
28	28
270	270
358	358
505	505
646	646
380	380
236	236
900	900
295	295
751	751
212	212
500	500
822	822
190	190
86	86
920	920
744	744
611	611
622	622
287	287
73	73
88	88
354	354
624	624
245	245
548	548
716	716
614	614
712	712
804	804
63	63
483	483
291	291
981	981
652	652
657	657
55	55
297	297
477	477
911	911
752	752
795	795
176	176
758	758
769	769
25	25
686	686
848	848
118	118
567	567
289	289
539	539
877	877
183	183
464	464
492	492
631	631
456	456
283	283
188	188
145	145
295	295
938	938
604	604
601	601
654	654
595	595
483	483
197	197
661	661
42	42
353	353
991	991
597	597
906	906
318	318
587	587
972	972
198	198
654	654
775	775
538	538
416	416
419	419
772	772
361	361
258	258
426	426
875	875
294	294
298	298
746	746
480	480
184	184
155	155
127	127
911	911
757	757
80	80
378	378
25	25
46	46
