150
300
406
557
510
494
495
408
488
481
553
434
560
557
485
416
546
594
528
521
402
456
569
522
541
597
417
469
439
445
508
586
414
503
559
542
511
437
547
452
416
444
457
506
406
429
509
581
576
443
424
455
563
421
561
448
440
463
492
458
515
476
430
434
540
407
448
516
443
555
522
509
488
502
433
527
481
469
572
457
536
548
571
405
500
414
417
447
598
492
428
570
495
569
442
444
465
509
463
421
435
495
572
548
552
497
578
491
402
599
407
525
442
520
432
540
404
449
584
535
521
454
512
572
509
426
496
530
547
560
572
515
509
507
442
432
576
491
467
502
511
505
481
591
495
454
512
572
499
511
599
1487
106	116
342	352
238	248
578	588
891	901
912	922
886	896
818	828
896	906
86	96
29	39
736	746
418	428
667	677
673	683
761	771
423	433
192	202
694	704
846	856
229	239
410	420
819	829
703	713
287	297
790	800
449	459
523	533
118	128
609	619
511	521
721	731
228	238
993	1003
635	645
53	63
976	986
611	621
52	62
48	58
975	985
242	252
677	687
714	724
715	725
588	598
838	848
785	795
165	175
188	198
41	51
282	292
482	492
310	320
57	67
481	491
548	558
891	901
994	1004
99	109
847	857
361	371
241	251
201	211
612	622
380	390
454	464
370	380
94	104
57	67
203	213
21	31
419	429
964	974
474	484
168	178
905	915
50	60
495	505
682	692
687	697
672	682
494	504
859	869
860	870
375	385
210	220
147	157
223	233
413	423
355	365
21	31
50	60
215	225
149	159
532	542
697	707
376	386
479	489
298	308
225	235
572	582
998	1008
45	55
708	718
320	330
134	144
929	939
517	527
862	872
17	27
912	922
618	628
461	471
113	123
68	78
620	630
128	138
197	207
711	721
117	127
845	855
877	887
188	198
145	155
712	722
199	209
763	773
26	36
579	589
869	879
814	824
939	949
676	686
871	881
121	131
121	131
439	449
860	870
235	245
500	510
113	123
345	355
837	847
475	485
191	201
98	108
328	338
504	514
253	263
880	890
109	119
144	154
797	807
251	261
794	804
873	883
444	454
387	397
314	324
151	161
681	691
29	39
951	961
319	329
371	381
10	20
812	822
137	147
249	259
854	864
119	129
449	459
212	222
269	279
320	330
673	683
465	475
952	962
323	333
956	966
74	84
909	919
608	618
246	256
633	643
556	566
88	98
625	635
744	754
347	357
480	490
616	626
211	221
564	574
831	841
972	982
157	167
419	429
404	414
222	232
623	633
860	870
128	138
649	659
31	41
331	341
842	852
934	944
729	739
636	646
754	764
802	812
206	216
685	695
473	483
404	414
684	694
871	881
577	587
264	274
203	213
539	549
150	160
993	1003
517	527
547	557
939	949
57	67
766	776
960	970
780	790
867	877
358	368
665	675
707	717
564	574
984	994
842	852
677	687
881	891
396	406
118	128
569	579
422	432
637	647
248	258
253	263
626	636
254	264
962	972
839	849
229	239
750	760
198	208
819	829
28	38
68	78
139	149
800	810
247	257
514	524
73	83
620	630
613	623
193	203
549	559
551	561
415	425
690	700
95	105
712	722
104	114
763	773
858	868
996	1006
821	831
794	804
658	668
526	536
894	904
401	411
502	512
607	617
394	404
845	855
314	324
713	723
270	280
939	949
851	861
969	979
684	694
993	1003
122	132
26	36
941	951
643	653
959	969
498	508
