75
375
1360
1325
1056
1164
1045
1201
1333
1374
1057
1048
1118
1480
1422
1110
1069
1180
1439
1448
1173
1091
1150
1490
1300
1074
1464
1446
1352
1437
1501
1486
1405
1475
1092
1108
1126
1442
1470
1503
1291
1357
1354
1361
1273
1283
1241
1056
1296
1426
1010
1473
1313
1355
1073
1459
1255
1472
1292
1355
1120
1131
1327
1260
1067
1137
1184
1226
1012
1303
1053
1031
1365
1491
1292
1037
699
146	66
652	625
252	243
126	212
797	771
25	10
591	681
904	856
413	364
944	852
916	948
967	954
95	138
373	392
578	486
920	926
413	467
657	593
452	395
579	557
814	896
303	232
869	938
136	174
453	500
938	934
174	124
209	218
252	288
298	318
418	458
826	737
75	112
388	422
42	29
619	648
922	934
864	770
92	99
228	208
838	826
130	97
807	864
770	684
152	247
276	296
362	311
249	209
298	273
183	120
706	790
533	482
785	799
923	968
172	89
997	1014
271	333
249	265
951	974
482	576
142	175
579	608
55	78
741	676
500	596
89	176
251	319
138	153
338	388
210	172
250	334
857	843
616	550
824	895
509	536
270	176
647	719
964	941
63	56
50	94
172	226
497	547
887	904
966	935
667	666
360	448
883	839
500	402
187	145
374	446
427	359
692	643
578	657
79	130
655	614
746	658
907	983
80	139
297	384
494	481
890	966
357	320
37	111
231	188
426	475
353	362
590	667
344	417
582	582
201	189
850	919
881	847
821	817
812	742
530	611
190	256
705	757
803	864
85	59
566	466
99	23
622	626
518	555
351	387
283	246
722	821
201	278
897	825
384	442
75	32
418	427
719	750
478	486
233	162
17	97
678	666
918	957
462	489
546	527
700	784
887	834
947	858
916	988
805	795
434	344
173	145
877	886
334	295
341	369
379	460
969	891
362	315
134	201
48	61
186	197
687	636
331	278
876	812
152	194
851	870
715	758
271	279
79	10
558	581
858	883
761	765
280	242
506	500
649	744
574	627
170	98
100	119
949	934
476	506
253	156
911	859
412	369
428	466
195	133
436	466
446	369
736	680
278	244
644	624
241	271
102	124
274	335
148	101
78	172
672	704
754	847
43	30
527	484
732	752
783	707
304	388
989	1066
813	741
548	585
607	652
29	26
553	514
634	698
423	503
384	322
241	198
299	257
900	890
639	631
978	1057
380	471
924	872
112	155
87	29
970	947
718	711
963	909
716	789
364	457
944	944
461	449
965	934
735	705
357	269
32	42
992	892
725	696
518	569
226	234
719	668
403	326
612	712
725	761
464	399
728	773
48	22
266	202
369	385
44	60
299	259
243	219
499	533
267	346
458	461
728	635
697	729
102	160
801	735
718	705
619	710
895	961
650	703
292	205
773	759
886	876
129	83
440	386
369	376
208	197
679	680
770	678
727	727
102	51
936	869
764	713
702	682
496	453
18	23
200	227
63	60
583	558
239	229
449	475
38	76
203	240
303	301
521	614
306	359
763	688
758	691
822	877
168	82
76	114
967	911
506	555
945	984
339	266
285	274
305	267
125	106
803	735
809	756
988	949
505	602
658	665
323	307
95	173
964	922
368	429
788	704
339	410
75	175
834	808
555	510
729	662
986	1064
973	991
220	257
108	96
63	70
222	320
17	34
944	878
924	850
551	572
439	485
486	414
435	383
282	194
225	282
603	545
395	410
918	950
874	965
90	48
871	899
850	772
794	783
459	522
435	370
213	122
925	948
390	303
297	234
235	248
163	222
44	125
848	874
610	637
558	470
350	412
851	787
168	165
949	1038
833	832
986	1056
520	533
184	241
226	249
591	547
788	861
463	423
439	375
284	246
526	534
324	367
500	578
29	125
916	1016
426	516
597	579
963	988
688	646
957	979
433	430
620	704
755	828
424	512
565	641
440	465
396	466
454	450
829	786
727	694
770	758
