75
225
742
787
790
841
778
699
699
916
916
714
671
826
676
670
861
768
949
749
719
703
678
710
699
821
715
781
677
888
761
817
846
951
639
867
709
947
710
939
649
890
653
758
841
871
743
870
636
763
917
635
856
843
888
845
813
871
675
742
757
635
926
881
684
790
765
647
769
918
921
676
867
657
755
927
1573
400	410
214	224
68	78
923	933
805	815
370	380
315	325
108	118
559	569
985	995
849	859
906	916
213	223
979	989
824	834
327	337
334	344
969	979
291	301
94	104
406	416
549	559
841	851
313	323
200	210
193	203
234	244
585	595
278	288
78	88
483	493
197	207
865	875
624	634
481	491
957	967
710	720
228	238
753	763
772	782
265	275
788	798
835	845
570	580
694	704
311	321
953	963
528	538
854	864
976	986
573	583
636	646
609	619
250	260
727	737
690	700
592	602
904	914
947	957
462	472
125	135
563	573
523	533
473	483
361	371
363	373
956	966
641	651
489	499
87	97
926	936
791	801
699	709
243	253
707	717
812	822
645	655
791	801
212	222
572	582
835	845
212	222
819	829
72	82
709	719
875	885
22	32
472	482
107	117
73	83
965	975
751	761
600	610
836	846
468	478
638	648
36	46
611	621
395	405
304	314
544	554
794	804
469	479
786	796
194	204
457	467
645	655
433	443
954	964
881	891
444	454
215	225
351	361
966	976
702	712
894	904
364	374
745	755
260	270
794	804
562	572
246	256
645	655
964	974
264	274
265	275
365	375
432	442
806	816
668	678
966	976
770	780
713	723
58	68
510	520
422	432
88	98
589	599
993	1003
711	721
957	967
856	866
220	230
236	246
301	311
671	681
794	804
146	156
520	530
985	995
308	318
841	851
832	842
498	508
186	196
182	192
217	227
963	973
154	164
552	562
582	592
131	141
50	60
255	265
273	283
376	386
949	959
387	397
562	572
423	433
147	157
448	458
417	427
698	708
529	539
455	465
495	505
161	171
106	116
516	526
766	776
380	390
973	983
756	766
555	565
994	1004
279	289
31	41
933	943
845	855
211	221
999	1009
82	92
15	25
14	24
640	650
782	792
979	989
334	344
345	355
773	783
640	650
765	775
64	74
453	463
288	298
336	346
727	737
709	719
437	447
596	606
105	115
926	936
652	662
526	536
847	857
259	269
217	227
590	600
584	594
148	158
699	709
742	752
489	499
56	66
