150
300
453
510
477
437
550
595
564
566
644
453
487
512
554
582
456
441
458
463
561
523
470
528
434
483
474
609
612
553
569
574
593
518
542
432
625
473
460
431
615
501
610
534
527
537
613
522
555
619
430
436
541
517
517
511
464
625
567
463
480
544
480
600
569
618
626
627
611
515
579
596
510
440
508
446
474
573
595
501
494
642
532
555
470
529
573
495
564
451
616
476
445
549
434
567
472
435
465
434
430
540
604
606
566
478
539
598
539
602
605
644
472
495
442
514
535
577
576
509
532
501
438
480
476
635
439
516
631
440
471
607
460
470
501
446
579
438
569
587
498
638
636
565
635
617
450
622
449
561
518
2027
806	816
206	216
582	592
740	750
78	88
136	146
387	397
831	841
574	584
891	901
181	191
337	347
292	302
327	337
864	874
82	92
204	214
373	383
185	195
671	681
578	588
522	532
468	478
894	904
417	427
466	476
998	1008
902	912
878	888
841	851
322	332
549	559
56	66
27	37
594	604
745	755
386	396
678	688
489	499
282	292
888	898
898	908
736	746
834	844
367	377
82	92
786	796
561	571
980	990
310	320
185	195
636	646
436	446
414	424
657	667
717	727
881	891
386	396
67	77
592	602
721	731
50	60
183	193
887	897
835	845
675	685
574	584
99	109
586	596
387	397
23	33
791	801
690	700
787	797
655	665
706	716
58	68
490	500
40	50
684	694
206	216
264	274
795	805
472	482
542	552
916	926
43	53
920	930
954	964
482	492
658	668
588	598
632	642
147	157
60	70
665	675
85	95
822	832
543	553
660	670
257	267
591	601
27	37
763	773
743	753
777	787
413	423
714	724
390	400
725	735
580	590
65	75
622	632
149	159
103	113
102	112
656	666
964	974
901	911
217	227
660	670
758	768
849	859
971	981
362	372
287	297
572	582
74	84
395	405
827	837
749	759
158	168
266	276
998	1008
848	858
281	291
328	338
720	730
582	592
526	536
703	713
983	993
829	839
600	610
639	649
701	711
388	398
82	92
770	780
841	851
854	864
663	673
909	919
984	994
735	745
997	1007
886	896
719	729
916	926
730	740
226	236
747	757
354	364
319	329
789	799
295	305
485	495
589	599
802	812
238	248
645	655
639	649
634	644
764	774
760	770
583	593
683	693
310	320
796	806
204	214
250	260
803	813
261	271
906	916
337	347
566	576
309	319
551	561
373	383
131	141
982	992
711	721
648	658
214	224
534	544
722	732
314	324
498	508
407	417
452	462
188	198
571	581
249	259
522	532
52	62
596	606
910	920
785	795
750	760
905	915
504	514
29	39
673	683
409	419
710	720
882	892
253	263
532	542
789	799
542	552
458	468
27	37
960	970
312	322
781	791
608	618
580	590
910	920
470	480
561	571
729	739
982	992
178	188
484	494
992	1002
605	615
114	124
245	255
325	335
295	305
739	749
214	224
836	846
937	947
811	821
244	254
645	655
895	905
943	953
552	562
188	198
851	861
828	838
288	298
608	618
453	463
244	254
833	843
743	753
266	276
340	350
785	795
871	881
875	885
443	453
621	631
605	615
31	41
292	302
568	578
534	544
611	621
250	260
560	570
109	119
310	320
854	864
131	141
792	802
749	759
282	292
992	1002
843	853
143	153
674	684
894	904
315	325
434	444
668	678
684	694
317	327
183	193
165	175
580	590
89	99
914	924
231	241
141	151
685	695
20	30
