150
300
479
480
587
527
496
421
562
522
413
581
492
454
574
411
460
565
476
515
411
469
519
434
459
592
458
463
478
534
533
446
417
415
448
434
461
477
437
506
577
426
414
429
607
417
565
582
471
492
556
506
440
455
484
541
472
565
489
473
589
519
451
414
555
509
452
545
615
579
485
592
604
491
612
574
572
524
544
471
444
418
557
457
614
542
500
451
505
594
508
595
578
603
591
544
471
503
497
442
443
569
506
538
571
514
610
488
511
519
461
564
610
587
559
468
457
602
563
452
436
540
447
551
452
480
434
602
412
549
564
520
595
597
514
479
420
485
527
583
453
452
526
558
538
411
477
614
487
415
516
1406
113	113
323	323
245	245
186	186
710	710
30	30
133	133
572	572
129	129
19	19
923	923
252	252
108	108
564	564
683	683
263	263
215	215
592	592
907	907
665	665
100	100
957	957
293	293
386	386
750	750
134	134
339	339
120	120
103	103
131	131
968	968
388	388
480	480
763	763
169	169
769	769
256	256
324	324
787	787
731	731
73	73
24	24
909	909
726	726
413	413
141	141
322	322
70	70
112	112
806	806
601	601
227	227
973	973
375	375
933	933
119	119
813	813
956	956
905	905
85	85
952	952
686	686
751	751
51	51
547	547
615	615
441	441
126	126
932	932
203	203
111	111
699	699
513	513
953	953
877	877
147	147
725	725
621	621
897	897
23	23
358	358
997	997
997	997
207	207
218	218
445	445
412	412
932	932
794	794
139	139
415	415
61	61
535	535
611	611
383	383
679	679
743	743
769	769
308	308
711	711
980	980
637	637
552	552
139	139
483	483
745	745
527	527
73	73
471	471
153	153
817	817
203	203
109	109
123	123
72	72
732	732
888	888
272	272
172	172
423	423
834	834
232	232
667	667
862	862
640	640
750	750
831	831
885	885
806	806
430	430
701	701
259	259
201	201
117	117
693	693
725	725
438	438
480	480
915	915
506	506
830	830
227	227
507	507
594	594
673	673
542	542
457	457
246	246
782	782
902	902
761	761
186	186
579	579
845	845
919	919
691	691
975	975
527	527
58	58
903	903
703	703
884	884
803	803
895	895
277	277
865	865
74	74
995	995
1000	1000
345	345
554	554
825	825
830	830
182	182
423	423
88	88
679	679
617	617
195	195
661	661
442	442
778	778
777	777
723	723
764	764
762	762
192	192
228	228
819	819
59	59
26	26
265	265
699	699
609	609
620	620
352	352
739	739
908	908
317	317
380	380
243	243
695	695
632	632
966	966
263	263
848	848
66	66
452	452
971	971
793	793
68	68
352	352
179	179
159	159
900	900
391	391
508	508
913	913
718	718
387	387
407	407
951	951
679	679
991	991
300	300
100	100
522	522
559	559
695	695
557	557
103	103
127	127
307	307
129	129
849	849
41	41
668	668
839	839
947	947
382	382
773	773
819	819
232	232
903	903
138	138
919	919
655	655
552	552
215	215
414	414
594	594
725	725
669	669
809	809
79	79
434	434
430	430
277	277
451	451
964	964
338	338
215	215
62	62
589	589
789	789
258	258
412	412
698	698
384	384
453	453
586	586
454	454
662	662
543	543
282	282
491	491
233	233
609	609
853	853
290	290
587	587
524	524
264	264
966	966
322	322
576	576
286	286
480	480
133	133
973	973
974	974
327	327
294	294
588	588
859	859
835	835
459	459
872	872
78	78
66	66
