90
180
625
430
559
546
456
495
481
581
540
545
499
487
514
467
610
536
429
557
553
469
583
517
454
464
626
465
510
516
453
606
502
448
582
447
519
599
555
539
539
585
544
543
584
483
490
541
542
466
533
476
461
485
431
419
529
625
479
626
504
581
462
490
518
525
431
442
457
429
519
463
601
563
469
448
449
606
547
460
481
536
521
576
611
497
582
598
448
474
448
1284
611	611
154	154
646	646
75	75
575	575
788	788
854	854
480	480
409	409
64	64
44	44
98	98
549	549
137	137
387	387
978	978
937	937
995	995
744	744
293	293
386	386
997	997
659	659
558	558
470	470
177	177
615	615
394	394
851	851
602	602
317	317
110	110
327	327
239	239
289	289
302	302
551	551
460	460
518	518
608	608
326	326
253	253
566	566
276	276
317	317
368	368
344	344
791	791
712	712
584	584
271	271
11	11
43	43
890	890
810	810
594	594
716	716
216	216
673	673
608	608
549	549
936	936
225	225
88	88
814	814
804	804
698	698
479	479
879	879
43	43
834	834
137	137
692	692
365	365
743	743
625	625
174	174
512	512
24	24
608	608
578	578
572	572
77	77
11	11
182	182
900	900
334	334
368	368
463	463
771	771
658	658
907	907
592	592
81	81
255	255
652	652
773	773
193	193
960	960
568	568
557	557
570	570
158	158
295	295
927	927
422	422
515	515
734	734
560	560
436	436
155	155
427	427
874	874
78	78
29	29
632	632
906	906
856	856
805	805
763	763
306	306
194	194
691	691
797	797
878	878
397	397
790	790
923	923
326	326
283	283
988	988
362	362
792	792
926	926
116	116
626	626
816	816
14	14
384	384
884	884
959	959
900	900
901	901
344	344
516	516
503	503
881	881
927	927
303	303
681	681
865	865
841	841
408	408
175	175
991	991
346	346
476	476
51	51
525	525
982	982
157	157
277	277
334	334
220	220
647	647
821	821
522	522
640	640
966	966
87	87
21	21
931	931
951	951
516	516
546	546
623	623
965	965
835	835
252	252
511	511
