150
300
648
464
621
505
473
645
574
485
503
441
474
445
513
542
651
477
536
586
621
497
643
469
495
653
484
445
448
460
578
596
541
510
453
441
461
627
595
476
620
578
540
487
608
502
652
441
529
519
643
557
651
448
457
518
522
512
635
614
545
659
598
539
625
527
631
477
644
458
655
441
457
453
576
593
567
609
467
469
646
481
587
454
628
460
634
645
484
497
538
543
659
584
547
510
455
639
475
510
473
585
579
501
490
573
556
599
478
470
496
598
452
565
529
497
627
516
650
656
473
530
646
627
497
540
469
478
447
602
598
565
625
584
517
571
546
554
584
601
497
538
485
536
619
497
618
514
594
481
525
1706
831	831
504	504
649	649
30	30
528	528
599	599
205	205
137	137
995	995
990	990
330	330
277	277
746	746
66	66
426	426
635	635
656	656
881	881
122	122
789	789
148	148
328	328
117	117
921	921
289	289
742	742
866	866
415	415
731	731
298	298
852	852
277	277
782	782
505	505
217	217
551	551
215	215
811	811
22	22
239	239
697	697
918	918
457	457
481	481
416	416
790	790
886	886
984	984
622	622
39	39
902	902
177	177
554	554
415	415
890	890
636	636
567	567
295	295
700	700
794	794
133	133
848	848
470	470
777	777
999	999
692	692
355	355
798	798
316	316
931	931
815	815
268	268
115	115
307	307
949	949
557	557
64	64
618	618
244	244
888	888
165	165
927	927
984	984
844	844
746	746
110	110
760	760
367	367
31	31
701	701
820	820
760	760
634	634
775	775
671	671
206	206
886	886
944	944
636	636
202	202
760	760
321	321
799	799
27	27
31	31
52	52
120	120
355	355
469	469
125	125
141	141
770	770
652	652
701	701
853	853
286	286
704	704
281	281
172	172
297	297
768	768
725	725
244	244
543	543
748	748
508	508
900	900
623	623
737	737
841	841
732	732
140	140
843	843
554	554
535	535
679	679
135	135
879	879
670	670
552	552
919	919
977	977
668	668
296	296
246	246
244	244
294	294
726	726
897	897
105	105
992	992
844	844
865	865
747	747
936	936
275	275
343	343
839	839
106	106
423	423
547	547
591	591
349	349
835	835
958	958
202	202
351	351
970	970
550	550
844	844
977	977
736	736
873	873
49	49
627	627
488	488
843	843
15	15
914	914
387	387
906	906
779	779
821	821
806	806
956	956
852	852
989	989
980	980
510	510
804	804
773	773
410	410
84	84
965	965
151	151
430	430
70	70
243	243
809	809
807	807
567	567
938	938
770	770
459	459
16	16
329	329
172	172
17	17
210	210
301	301
518	518
367	367
804	804
756	756
536	536
403	403
583	583
761	761
578	578
611	611
655	655
403	403
927	927
827	827
994	994
518	518
834	834
996	996
155	155
569	569
386	386
786	786
45	45
732	732
605	605
37	37
446	446
940	940
154	154
698	698
705	705
898	898
712	712
675	675
635	635
636	636
777	777
347	347
975	975
888	888
709	709
123	123
417	417
921	921
15	15
300	300
598	598
417	417
221	221
477	477
643	643
311	311
702	702
682	682
656	656
297	297
82	82
806	806
463	463
309	309
859	859
874	874
624	624
250	250
358	358
227	227
77	77
128	128
505	505
659	659
349	349
163	163
694	694
179	179
720	720
640	640
221	221
790	790
18	18
474	474
65	65
747	747
140	140
876	876
168	168
698	698
869	869
656	656
945	945
966	966
