90
180
443
466
481
603
474
541
444
473
610
432
456
496
432
440
609
555
413
617
592
473
605
419
579
612
509
447
527
428
446
504
573
449
431
483
590
599
454
496
577
595
503
498
574
417
485
522
421
541
471
612
422
564
425
523
475
605
506
539
415
565
502
494
510
433
437
494
436
536
469
552
514
417
519
559
602
527
454
539
516
615
555
511
565
463
514
578
531
436
464
1182
998	1008
471	481
871	881
764	774
823	833
974	984
435	445
719	729
194	204
468	478
587	597
649	659
989	999
459	469
973	983
159	169
581	591
921	931
537	547
984	994
40	50
80	90
161	171
793	803
346	356
749	759
698	708
723	733
530	540
721	731
348	358
188	198
865	875
686	696
502	512
957	967
587	597
636	646
277	287
397	407
480	490
905	915
400	410
533	543
241	251
485	495
922	932
342	352
250	260
110	120
30	40
927	937
437	447
306	316
100	110
821	831
178	188
436	446
105	115
204	214
713	723
585	595
694	704
385	395
462	472
791	801
975	985
331	341
456	466
417	427
371	381
867	877
632	642
97	107
691	701
826	836
546	556
231	241
867	877
99	109
77	87
554	564
502	512
702	712
315	325
544	554
284	294
868	878
744	754
439	449
599	609
571	581
247	257
519	529
512	522
995	1005
468	478
730	740
605	615
376	386
925	935
886	896
726	736
311	321
231	241
624	634
855	865
825	835
442	452
323	333
118	128
43	53
788	798
924	934
711	721
589	599
348	358
24	34
376	386
153	163
816	826
608	618
374	384
249	259
162	172
472	482
286	296
966	976
276	286
547	557
515	525
894	904
931	941
796	806
793	803
772	782
411	421
210	220
59	69
920	930
675	685
959	969
199	209
430	440
504	514
654	664
246	256
44	54
452	462
521	531
538	548
442	452
56	66
503	513
691	701
800	810
794	804
955	965
731	741
71	81
33	43
320	330
736	746
133	143
245	255
779	789
387	397
33	43
155	165
575	585
474	484
79	89
47	57
914	924
286	296
420	430
85	95
399	409
576	586
802	812
