90
180
490
424
553
567
455
581
420
492
409
520
411
487
539
432
531
529
493
407
563
515
569
553
418
404
436
448
572
594
498
530
405
419
412
420
484
531
417
507
458
414
426
455
461
560
568
561
468
503
582
434
465
444
410
449
456
588
539
570
451
475
447
420
565
525
537
499
549
467
404
526
433
543
424
562
434
536
560
468
476
438
452
464
592
516
479
477
500
559
533
1423
74	74
432	432
321	321
392	392
79	79
543	543
507	507
949	949
580	580
331	331
716	716
715	715
549	549
598	598
485	485
770	770
134	134
938	938
805	805
333	333
132	132
892	892
802	802
641	641
255	255
483	483
769	769
11	11
359	359
808	808
697	697
899	899
121	121
985	985
928	928
741	741
362	362
980	980
474	474
620	620
115	115
377	377
443	443
339	339
684	684
521	521
908	908
824	824
224	224
38	38
93	93
470	470
614	614
715	715
556	556
528	528
408	408
954	954
379	379
473	473
350	350
847	847
991	991
93	93
716	716
352	352
277	277
690	690
778	778
852	852
792	792
708	708
74	74
473	473
818	818
315	315
544	544
638	638
61	61
670	670
626	626
512	512
745	745
132	132
461	461
951	951
294	294
484	484
974	974
119	119
811	811
565	565
516	516
654	654
500	500
132	132
518	518
46	46
431	431
841	841
576	576
493	493
122	122
343	343
824	824
703	703
133	133
147	147
30	30
849	849
494	494
586	586
840	840
94	94
714	714
831	831
161	161
206	206
969	969
16	16
720	720
884	884
739	739
171	171
216	216
242	242
572	572
19	19
798	798
95	95
125	125
707	707
491	491
77	77
658	658
401	401
718	718
592	592
614	614
232	232
136	136
159	159
433	433
155	155
71	71
245	245
895	895
147	147
435	435
482	482
998	998
979	979
359	359
709	709
123	123
198	198
224	224
585	585
271	271
974	974
872	872
294	294
432	432
823	823
368	368
268	268
201	201
807	807
587	587
488	488
685	685
801	801
168	168
843	843
707	707
512	512
332	332
84	84
170	170
514	514
