90
180
431
510
480
526
572
584
538
476
431
539
580
442
424
501
459
519
556
561
559
516
456
546
584
502
533
419
429
416
413
459
462
444
571
546
575
556
429
487
399
532
394
471
411
402
490
501
488
417
438
456
498
446
407
539
397
403
527
527
479
413
541
410
504
569
440
397
403
502
436
451
538
465
440
509
407
429
427
397
492
534
493
435
580
567
472
396
439
519
420
1637
576	586
622	632
95	105
678	688
225	235
79	89
800	810
116	126
831	841
394	404
48	58
805	815
78	88
420	430
762	772
367	377
989	999
506	516
32	42
863	873
921	931
861	871
336	346
516	526
291	301
919	929
308	318
894	904
498	508
366	376
861	871
275	285
773	783
862	872
949	959
509	519
78	88
413	423
364	374
238	248
104	114
800	810
48	58
960	970
450	460
873	883
957	967
182	192
451	461
954	964
263	273
122	132
170	180
921	931
901	911
859	869
265	275
155	165
414	424
41	51
479	489
994	1004
681	691
574	584
182	192
917	927
637	647
473	483
46	56
193	203
958	968
285	295
545	555
497	507
990	1000
343	353
82	92
494	504
840	850
312	322
371	381
46	56
725	735
212	222
277	287
313	323
397	407
484	494
952	962
975	985
262	272
764	774
15	25
41	51
119	129
739	749
266	276
819	829
922	932
239	249
848	858
504	514
391	401
946	956
673	683
96	106
763	773
400	410
115	125
291	301
493	503
781	791
746	756
572	582
653	663
591	601
887	897
367	377
316	326
332	342
192	202
212	222
761	771
131	141
624	634
153	163
294	304
450	460
742	752
626	636
425	435
177	187
194	204
807	817
799	809
174	184
493	503
581	591
986	996
500	510
399	409
643	653
159	169
321	331
85	95
397	407
965	975
947	957
686	696
530	540
203	213
583	593
219	229
545	555
279	289
70	80
753	763
306	316
511	521
206	216
827	837
899	909
445	455
948	958
456	466
734	744
388	398
709	719
502	512
187	197
10	20
174	184
820	830
182	192
249	259
874	884
300	310
128	138
299	309
739	749
