90
180
576
484
462
578
472
497
493
497
510
512
560
448
522
512
631
438
465
604
589
494
610
638
495
606
433
573
470
614
430
467
627
452
554
593
540
427
569
476
543
553
570
537
565
626
582
531
466
474
484
466
474
569
480
473
454
607
523
597
558
613
582
464
573
615
622
468
456
571
575
609
480
600
491
530
560
496
450
471
504
490
608
527
457
496
557
458
550
525
471
1052
277	295
941	1008
142	140
327	240
550	583
578	582
904	907
25	107
78	74
662	729
961	1049
869	936
556	615
213	174
60	134
587	533
163	247
818	828
837	825
951	900
595	609
186	259
747	828
778	707
27	9
300	288
12	85
580	649
911	935
969	960
299	363
809	863
515	557
780	814
428	402
493	405
642	676
568	548
854	837
839	803
481	507
333	382
557	475
700	687
900	967
661	627
544	618
769	678
947	1030
243	213
75	142
547	516
159	131
756	748
615	645
51	16
776	783
888	790
226	130
827	767
602	523
954	879
574	640
864	907
650	607
950	949
333	238
730	676
868	858
969	1042
294	338
970	884
409	357
796	870
91	102
834	794
622	698
213	130
779	781
34	99
637	731
493	577
291	223
511	608
548	536
295	238
720	817
206	158
369	317
716	779
332	358
435	514
637	723
527	445
985	1055
981	883
252	207
237	178
471	452
338	271
379	359
696	673
195	99
444	404
703	650
487	559
630	704
722	780
687	676
736	832
404	345
495	472
847	851
400	470
998	1050
160	244
187	209
995	946
887	802
702	796
965	900
774	676
633	645
242	206
316	369
443	464
456	503
748	744
242	200
970	937
115	194
28	81
358	361
646	678
236	152
295	305
212	163
822	767
86	139
744	703
622	622
73	131
354	303
245	211
716	678
712	621
63	20
981	1023
657	710
297	197
911	955
795	810
758	674
25	52
567	606
539	568
183	168
492	518
456	372
188	247
295	263
604	684
654	583
483	444
661	631
353	440
597	552
318	351
972	1018
654	637
538	601
419	464
361	276
426	462
294	281
746	803
184	201
127	115
757	821
378	279
