150
300
510
514
490
591
420
429
529
571
513
410
544
558
444
498
458
551
413
472
525
434
576
493
575
420
408
468
418
490
475
419
600
470
410
524
551
560
518
450
570
540
436
604
493
587
528
448
577
543
496
458
501
414
437
431
490
595
603
595
446
434
413
550
501
487
408
440
605
456
544
533
574
563
417
491
467
597
559
528
593
565
451
575
515
458
485
485
471
550
552
415
480
558
473
526
591
506
541
439
511
552
561
456
520
475
497
411
470
601
471
484
563
524
476
447
600
458
510
525
454
453
486
550
584
535
509
415
419
538
562
505
474
475
424
588
450
573
433
541
460
556
563
537
540
499
470
537
557
535
516
1251
123	200
682	532
627	260
51	806
319	777
230	249
127	583
556	162
742	621
973	141
666	452
383	298
457	210
20	477
297	661
826	934
971	670
630	299
491	929
378	563
274	322
543	284
829	194
232	814
705	634
603	546
738	455
688	622
285	807
490	386
655	259
318	776
849	613
597	287
186	732
286	440
698	637
871	229
940	260
291	207
153	308
119	735
708	411
367	567
885	401
920	145
993	875
259	856
428	427
408	159
729	42
839	455
370	857
405	228
836	68
366	82
930	704
124	828
186	15
927	565
885	641
751	810
749	269
863	24
80	73
715	258
588	342
619	222
679	911
86	409
996	83
387	320
881	145
197	160
201	68
935	416
470	199
443	46
513	306
854	654
808	230
951	146
183	286
621	191
603	750
823	116
208	872
845	97
200	741
940	749
759	313
643	984
452	306
427	339
978	794
439	724
275	675
708	830
229	170
155	409
936	815
515	606
75	180
545	957
33	860
742	594
182	599
664	966
418	147
834	554
28	412
63	345
739	903
277	302
549	699
17	756
61	338
735	653
775	159
773	509
906	896
867	679
787	949
855	424
521	1
970	307
731	17
662	389
260	435
969	234
12	449
312	175
823	342
177	946
276	64
70	191
135	30
628	900
105	796
577	719
612	637
835	663
376	568
695	96
434	118
959	51
755	171
711	212
83	875
408	694
935	863
644	44
752	704
36	906
848	444
739	812
247	78
461	668
186	202
770	74
511	985
370	87
186	490
64	10
24	707
850	15
191	630
775	941
275	150
252	791
875	604
373	261
470	909
773	284
685	231
203	459
501	932
88	199
579	973
883	546
681	699
826	247
667	842
489	585
83	88
162	332
194	396
192	692
174	970
418	221
648	302
461	523
977	806
102	155
535	525
830	90
734	206
616	708
66	622
972	279
996	29
666	825
30	813
150	96
800	892
252	641
865	239
468	834
229	784
173	708
932	994
301	51
482	65
272	400
284	496
867	393
631	277
451	247
591	791
631	992
514	27
773	686
312	811
761	561
85	297
29	288
508	867
659	901
787	215
997	306
412	168
366	894
267	161
218	20
459	370
402	574
30	57
591	414
173	354
991	238
160	266
288	849
472	272
119	944
296	78
725	393
693	679
884	582
823	729
570	786
171	996
768	25
819	683
70	632
679	915
378	698
693	170
479	253
882	747
42	853
330	334
268	7
482	780
305	857
806	124
888	168
622	296
300	201
951	332
596	828
308	647
616	606
572	282
33	582
239	465
169	826
728	456
466	315
288	329
903	183
345	211
650	469
698	532
104	718
244	754
354	10
676	646
531	992
303	594
262	899
51	245
798	201
104	708
941	93
853	587
493	856
453	645
97	747
502	72
469	560
