90
180
423
478
438
466
541
488
536
497
538
552
508
561
436
421
429
529
427
458
491
541
588
520
422
553
413
422
531
500
525
505
598
577
606
426
462
606
475
453
431
453
508
421
583
547
527
483
436
434
597
406
428
425
472
468
606
451
583
594
415
492
539
450
572
453
607
562
598
475
461
459
564
503
549
457
464
468
522
447
583
408
434
456
578
414
543
472
418
499
531
1587
457	457
930	930
414	414
593	593
145	145
997	997
453	453
571	571
522	522
795	795
836	836
815	815
999	999
336	336
566	566
905	905
504	504
980	980
679	679
37	37
302	302
729	729
910	910
336	336
981	981
43	43
682	682
930	930
626	626
238	238
213	213
695	695
175	175
111	111
592	592
878	878
384	384
744	744
1000	1000
678	678
225	225
280	280
54	54
19	19
963	963
101	101
903	903
783	783
242	242
335	335
159	159
229	229
437	437
209	209
281	281
249	249
736	736
493	493
366	366
485	485
976	976
614	614
872	872
474	474
837	837
426	426
381	381
996	996
961	961
967	967
463	463
561	561
333	333
134	134
259	259
945	945
416	416
378	378
184	184
542	542
665	665
414	414
816	816
581	581
395	395
529	529
849	849
163	163
554	554
896	896
829	829
597	597
938	938
207	207
856	856
783	783
167	167
585	585
362	362
333	333
207	207
599	599
58	58
926	926
778	778
311	311
731	731
134	134
93	93
22	22
185	185
747	747
470	470
634	634
833	833
132	132
733	733
538	538
511	511
768	768
13	13
332	332
280	280
961	961
834	834
106	106
464	464
392	392
676	676
581	581
219	219
363	363
646	646
195	195
310	310
266	266
394	394
864	864
653	653
302	302
32	32
242	242
327	327
679	679
898	898
378	378
144	144
74	74
987	987
508	508
502	502
343	343
49	49
751	751
791	791
383	383
224	224
904	904
31	31
79	79
417	417
309	309
396	396
937	937
144	144
931	931
192	192
810	810
498	498
887	887
32	32
502	502
371	371
950	950
270	270
441	441
845	845
55	55
632	632
772	772
