90
180
443
466
481
603
474
541
444
473
610
432
456
496
432
440
609
555
413
617
592
473
605
419
579
612
509
447
527
428
446
504
573
449
431
483
590
599
454
496
577
595
503
498
574
417
485
522
421
541
471
612
422
564
425
523
475
605
506
539
415
565
502
494
510
433
437
494
436
536
469
552
514
417
519
559
602
527
454
539
516
615
555
511
565
463
514
578
531
436
464
1182
998	998
471	471
871	871
764	764
823	823
974	974
435	435
719	719
194	194
468	468
587	587
649	649
989	989
459	459
973	973
159	159
581	581
921	921
537	537
984	984
40	40
80	80
161	161
793	793
346	346
749	749
698	698
723	723
530	530
721	721
348	348
188	188
865	865
686	686
502	502
957	957
587	587
636	636
277	277
397	397
480	480
905	905
400	400
533	533
241	241
485	485
922	922
342	342
250	250
110	110
30	30
927	927
437	437
306	306
100	100
821	821
178	178
436	436
105	105
204	204
713	713
585	585
694	694
385	385
462	462
791	791
975	975
331	331
456	456
417	417
371	371
867	867
632	632
97	97
691	691
826	826
546	546
231	231
867	867
99	99
77	77
554	554
502	502
702	702
315	315
544	544
284	284
868	868
744	744
439	439
599	599
571	571
247	247
519	519
512	512
995	995
468	468
730	730
605	605
376	376
925	925
886	886
726	726
311	311
231	231
624	624
855	855
825	825
442	442
323	323
118	118
43	43
788	788
924	924
711	711
589	589
348	348
24	24
376	376
153	153
816	816
608	608
374	374
249	249
162	162
472	472
286	286
966	966
276	276
547	547
515	515
894	894
931	931
796	796
793	793
772	772
411	411
210	210
59	59
920	920
675	675
959	959
199	199
430	430
504	504
654	654
246	246
44	44
452	452
521	521
538	538
442	442
56	56
503	503
691	691
800	800
794	794
955	955
731	731
71	71
33	33
320	320
736	736
133	133
245	245
779	779
387	387
33	33
155	155
575	575
474	474
79	79
47	47
914	914
286	286
420	420
85	85
399	399
576	576
802	802
