75
225
641
671
820
899
920
824
795
638
909
881
729
729
659
769
761
763
625
742
768
886
707
845
694
923
888
743
816
838
767
841
872
631
915
743
722
662
690
789
678
805
643
774
682
771
786
874
857
731
877
853
676
670
721
884
732
782
839
624
896
767
875
733
696
679
788
756
766
705
625
708
793
654
736
885
1053
207	219
448	359
632	638
244	289
740	769
673	734
368	388
760	671
116	140
51	150
21	58
33	70
218	167
947	946
494	501
149	234
764	692
593	541
628	577
58	68
463	529
732	661
592	679
659	618
77	23
868	885
661	587
298	261
874	897
189	169
323	253
251	224
219	262
59	131
612	548
91	1
926	915
194	194
710	696
403	463
121	205
43	117
20	111
915	974
166	202
957	872
440	477
969	1001
372	396
312	272
645	696
898	868
522	615
754	667
216	203
174	136
576	652
83	93
718	673
639	593
430	385
565	576
651	681
160	91
147	48
741	763
889	928
689	713
711	738
434	463
285	311
651	688
684	636
622	715
655	641
172	268
73	1
143	137
763	719
461	476
546	562
497	416
945	978
323	392
421	500
697	597
381	330
892	914
330	356
994	1007
733	641
712	644
252	170
426	352
613	711
841	798
368	371
601	574
126	64
34	49
775	694
973	918
928	996
416	476
315	252
636	700
660	671
269	214
683	729
806	837
708	616
119	123
536	611
363	340
933	971
252	276
30	28
740	782
532	588
997	968
488	514
606	615
82	52
45	50
236	298
796	831
650	582
108	93
315	389
825	743
161	155
618	688
47	85
453	535
174	92
160	66
60	18
939	902
618	603
561	588
563	617
712	645
916	898
871	885
125	58
752	668
250	348
764	779
315	323
611	610
851	823
651	693
829	751
71	163
883	827
171	232
981	914
128	148
893	967
53	2
650	670
661	578
771	746
593	508
761	856
552	511
537	535
544	554
826	845
392	391
70	26
892	922
561	471
761	677
296	363
657	668
346	259
729	774
929	913
24	90
992	1071
609	690
969	946
503	533
71	90
656	664
946	956
609	685
753	812
911	861
643	651
362	358
132	220
387	343
776	852
81	119
554	652
698	797
399	457
797	740
383	423
515	483
766	703
996	1041
183	182
575	577
801	714
788	851
234	248
570	486
557	538
842	781
691	644
738	728
399	357
199	184
888	801
529	554
160	156
170	252
754	816
454	462
629	591
366	316
645	603
