90
180
531
434
514
472
480
523
509
434
561
494
411
459
496
488
506
474
448
408
503
471
523
565
598
523
416
498
573
491
433
542
501
544
456
564
446
598
584
586
433
413
509
431
531
442
549
531
488
433
570
467
546
433
439
517
405
443
471
468
591
404
510
572
553
528
434
505
593
599
423
414
418
581
490
555
466
500
442
414
563
539
478
453
603
433
509
559
458
593
513
1213
84	84
901	901
335	335
44	44
237	237
431	431
925	925
95	95
500	500
781	781
272	272
847	847
439	439
622	622
535	535
132	132
122	122
652	652
351	351
416	416
619	619
628	628
195	195
809	809
395	395
891	891
150	150
814	814
543	543
391	391
716	716
755	755
227	227
649	649
475	475
732	732
584	584
337	337
337	337
880	880
600	600
569	569
824	824
947	947
600	600
394	394
778	778
124	124
676	676
230	230
204	204
145	145
192	192
926	926
387	387
195	195
493	493
658	658
527	527
640	640
748	748
311	311
650	650
330	330
178	178
913	913
103	103
565	565
89	89
426	426
142	142
706	706
927	927
345	345
337	337
521	521
589	589
849	849
501	501
45	45
575	575
122	122
808	808
382	382
384	384
65	65
835	835
348	348
929	929
404	404
943	943
934	934
505	505
891	891
735	735
70	70
294	294
954	954
384	384
81	81
181	181
513	513
692	692
572	572
276	276
945	945
991	991
624	624
604	604
675	675
80	80
27	27
426	426
629	629
273	273
790	790
294	294
949	949
27	27
861	861
286	286
226	226
985	985
360	360
58	58
601	601
933	933
946	946
569	569
195	195
533	533
115	115
666	666
582	582
914	914
450	450
120	120
68	68
706	706
564	564
78	78
968	968
252	252
33	33
470	470
104	104
769	769
468	468
241	241
108	108
971	971
37	37
877	877
447	447
74	74
849	849
875	875
323	323
713	713
989	989
565	565
937	937
525	525
809	809
329	329
450	450
897	897
78	78
707	707
468	468
404	404
807	807
334	334
414	414
141	141
917	917
650	650
961	961
209	209
535	535
