75
225
654
723
746
910
825
689
771
623
928
685
824
733
741
771
629
800
643
869
868
722
803
735
701
784
823
839
797
663
794
679
705
840
899
768
626
922
879
885
765
808
701
920
914
687
672
760
630
772
926
816
627
644
841
780
688
915
698
835
861
732
702
757
659
889
924
637
881
690
885
738
646
892
820
622
1261
946	981
947	990
96	88
350	450
580	664
166	255
175	222
902	810
697	739
289	250
745	687
461	477
111	93
759	721
208	171
209	175
584	518
38	107
363	446
633	709
992	1059
850	762
532	505
563	579
260	313
261	358
817	894
989	1044
483	578
702	735
977	998
108	48
448	544
596	675
351	422
275	312
701	650
135	188
207	160
73	145
142	55
142	152
588	566
982	926
149	204
553	619
280	304
830	805
510	492
544	463
278	259
403	314
47	84
507	563
310	232
460	360
477	450
794	794
392	487
613	664
166	67
587	659
847	837
175	136
694	627
865	869
94	45
802	818
548	584
973	992
622	582
215	117
827	881
324	348
234	218
315	317
583	519
121	141
196	138
118	208
547	606
113	162
978	962
897	985
521	551
968	946
363	373
634	714
721	682
902	863
481	571
485	524
227	250
427	417
174	132
157	141
506	558
110	10
506	458
739	805
427	501
887	964
106	191
540	605
581	644
37	59
939	858
962	977
865	856
33	25
147	126
486	576
49	2
796	707
714	711
149	74
366	343
429	410
920	994
504	412
728	813
36	26
613	613
36	6
76	88
601	507
45	128
298	391
449	389
791	890
392	327
936	968
54	123
863	862
637	710
858	782
489	556
681	727
419	417
690	680
646	651
893	849
931	992
477	389
319	278
892	857
149	195
221	175
648	691
154	205
669	658
822	892
990	950
559	494
44	143
155	216
762	791
956	980
460	555
137	114
867	787
956	990
886	852
931	923
577	514
496	447
878	827
63	64
565	598
295	293
507	526
706	783
281	269
869	815
291	274
743	756
932	902
384	356
69	79
862	773
443	522
498	480
514	591
942	999
927	984
642	688
423	490
811	887
96	87
425	484
346	301
348	296
757	719
725	647
332	397
627	544
317	247
673	643
721	710
446	497
151	250
792	891
888	897
589	493
781	727
248	157
750	712
808	854
283	255
512	545
436	438
917	954
692	761
374	387
948	990
286	209
864	852
321	262
580	614
253	235
897	797
531	475
339	305
844	782
473	467
