75
225
815
727
705
797
666
625
610
748
860
777
839
648
630
853
653
746
825
684
751
753
734
795
695
655
709
663
899
807
657
707
748
629
897
676
899
639
738
883
653
890
820
612
641
705
810
821
847
753
726
888
676
712
772
836
907
640
693
729
614
758
751
659
813
624
723
817
853
879
896
726
677
737
742
656
1876
665	738
476	496
159	246
211	134
639	563
776	716
403	486
23	26
936	990
904	857
337	433
174	170
312	289
892	981
157	118
458	461
813	715
930	852
192	267
755	750
231	314
193	214
474	540
777	723
62	143
422	370
463	373
83	6
813	851
184	233
610	561
69	22
379	303
570	579
682	617
878	956
706	645
581	572
602	625
820	777
168	73
445	373
825	795
739	830
488	533
836	864
531	580
397	375
760	860
705	726
120	141
200	242
220	290
728	721
724	731
753	754
458	541
218	221
225	190
952	853
975	1040
101	146
566	529
903	954
949	931
693	734
267	256
882	899
597	657
316	247
83	39
749	826
961	927
204	234
475	569
225	222
448	427
154	225
667	743
490	498
890	810
983	1074
403	367
629	593
584	662
180	219
393	309
485	525
484	387
770	781
46	87
472	526
18	71
362	380
24	100
599	512
300	352
934	879
902	894
610	692
683	772
68	162
436	453
198	180
511	538
466	546
286	281
141	151
630	580
123	48
175	122
265	358
448	360
70	130
894	796
697	707
790	867
834	829
537	479
596	645
348	279
463	450
560	639
26	64
144	46
137	91
848	948
237	192
468	530
57	118
596	680
323	230
206	170
909	1004
938	941
690	753
530	625
730	706
655	607
510	576
76	57
871	931
469	403
586	513
684	647
93	98
647	701
543	515
794	843
794	838
350	369
442	342
911	956
523	492
133	40
215	297
647	621
131	111
887	894
749	682
616	549
633	644
788	717
616	623
62	130
788	710
125	153
190	100
548	546
167	139
238	267
695	613
77	49
435	408
864	957
784	726
706	611
657	691
838	890
78	25
388	421
454	498
618	523
326	397
458	534
642	714
750	775
793	879
849	812
815	767
741	802
159	224
747	756
646	566
929	959
519	537
587	640
720	745
707	638
762	838
672	617
10	92
186	108
384	441
269	334
870	912
282	381
384	371
451	392
763	689
668	732
345	399
490	400
625	527
324	332
457	520
961	890
952	939
323	365
969	872
329	257
56	141
203	241
382	399
434	447
