150
300
606
455
587
421
414
513
461
558
412
537
408
439
581
429
551
429
581
484
573
609
409
498
449
430
469
466
505
431
438
523
519
438
430
570
429
484
534
450
537
417
526
566
484
445
504
460
542
409
556
438
548
432
452
409
604
574
594
459
591
428
425
414
454
435
571
559
471
529
495
561
601
452
462
489
430
439
497
424
522
527
510
426
581
504
454
479
545
509
560
436
567
413
470
488
522
520
469
468
563
473
537
525
426
601
477
586
559
519
411
607
416
530
408
563
558
582
436
555
424
477
514
549
471
416
555
604
562
567
560
461
489
421
417
479
476
441
525
495
479
444
510
520
437
501
485
451
571
426
467
2647
549	559
821	831
919	929
434	444
552	562
155	165
349	359
396	406
306	316
185	195
667	677
45	55
185	195
838	848
755	765
369	379
559	569
611	621
328	338
711	721
80	90
887	897
632	642
764	774
866	876
771	781
915	925
920	930
115	125
970	980
548	558
219	229
838	848
746	756
69	79
836	846
749	759
689	699
835	845
260	270
227	237
936	946
84	94
121	131
648	658
720	730
581	591
930	940
515	525
833	843
632	642
308	318
928	938
865	875
381	391
325	335
441	451
371	381
714	724
300	310
80	90
738	748
598	608
999	1009
699	709
880	890
698	708
796	806
329	339
384	394
92	102
311	321
453	463
755	765
506	516
788	798
638	648
386	396
89	99
927	937
846	856
441	451
256	266
524	534
949	959
363	373
737	747
51	61
458	468
672	682
113	123
251	261
945	955
327	337
676	686
578	588
738	748
528	538
528	538
280	290
386	396
47	57
658	668
526	536
457	467
955	965
503	513
51	61
647	657
71	81
26	36
297	307
753	763
46	56
539	549
513	523
961	971
37	47
192	202
296	306
113	123
727	737
772	782
285	295
215	225
950	960
56	66
789	799
735	745
681	691
682	692
474	484
599	609
118	128
616	626
519	529
409	419
701	711
662	672
973	983
479	489
306	316
909	919
661	671
527	537
161	171
275	285
522	532
425	435
840	850
708	718
63	73
941	951
872	882
421	431
143	153
185	195
478	488
562	572
197	207
501	511
315	325
400	410
814	824
147	157
346	356
125	135
596	606
839	849
117	127
83	93
965	975
624	634
74	84
181	191
433	443
363	373
272	282
274	284
37	47
158	168
389	399
251	261
899	909
288	298
26	36
323	333
722	732
408	418
55	65
944	954
837	847
678	688
420	430
214	224
835	845
689	699
842	852
770	780
702	712
132	142
151	161
940	950
316	326
953	963
763	773
740	750
639	649
618	628
693	703
786	796
557	567
679	689
432	442
386	396
154	164
617	627
114	124
721	731
972	982
140	150
264	274
645	655
546	556
283	293
634	644
23	33
107	117
482	492
166	176
266	276
484	494
734	744
665	675
879	889
665	675
41	51
231	241
623	633
756	766
625	635
649	659
372	382
974	984
93	103
301	311
664	674
630	640
328	338
51	61
499	509
72	82
187	197
133	143
989	999
895	905
948	958
757	767
953	963
542	552
195	205
343	353
792	802
84	94
106	116
624	634
622	632
781	791
795	805
531	541
350	360
219	229
678	688
320	330
737	747
81	91
707	717
557	567
207	217
1000	1010
897	907
509	519
492	502
341	351
797	807
46	56
960	970
911	921
700	710
426	436
460	470
57	67
261	271
725	735
592	602
469	479
825	835
549	559
389	399
520	530
