90
180
403
410
596
565
407
561
441
512
490
419
508
490
575
410
407
409
417
436
547
495
493
566
505
589
444
543
572
478
450
458
492
475
418
466
440
455
576
441
449
437
527
413
402
447
564
575
462
410
448
442
470
559
501
449
491
493
411
543
455
442
424
444
550
474
504
436
493
401
527
468
409
456
445
414
447
420
411
452
406
482
453
442
542
441
518
443
452
468
511
2839
430	440
193	203
466	476
718	728
919	929
454	464
318	328
129	139
493	503
584	594
52	62
678	688
677	687
67	77
914	924
312	322
336	346
255	265
927	937
582	592
16	26
514	524
952	962
769	779
183	193
475	485
384	394
82	92
129	139
681	691
113	123
871	881
942	952
597	607
876	886
940	950
629	639
242	252
23	33
423	433
369	379
909	919
389	399
669	679
206	216
123	133
190	200
637	647
989	999
605	615
666	676
41	51
247	257
673	683
77	87
405	415
910	920
497	507
368	378
562	572
89	99
747	757
60	70
318	328
625	635
193	203
586	596
809	819
176	186
692	702
991	1001
259	269
166	176
554	564
637	647
974	984
670	680
446	456
330	340
904	914
420	430
727	737
542	552
861	871
524	534
801	811
36	46
270	280
154	164
479	489
125	135
654	664
778	788
646	656
653	663
624	634
702	712
596	606
702	712
573	583
398	408
608	618
869	879
210	220
406	416
526	536
280	290
844	854
227	237
623	633
659	669
428	438
499	509
830	840
59	69
36	46
876	886
543	553
974	984
856	866
604	614
356	366
242	252
716	726
931	941
344	354
278	288
621	631
976	986
675	685
52	62
579	589
253	263
474	484
515	525
687	697
191	201
746	756
942	952
22	32
172	182
866	876
802	812
466	476
20	30
297	307
540	550
474	484
180	190
233	243
623	633
442	452
813	823
32	42
278	288
608	618
504	514
236	246
920	930
892	902
889	899
260	270
665	675
549	559
780	790
280	290
353	363
810	820
307	317
45	55
55	65
335	345
47	57
829	839
944	954
992	1002
127	137
330	340
299	309
624	634
