75
225
854
864
873
667
681
772
821
774
830
751
844
798
768
709
660
587
641
712
758
776
831
874
689
623
695
659
815
808
826
620
666
856
721
668
605
757
632
654
612
840
739
855
837
718
627
597
593
621
774
808
594
828
701
781
706
635
774
656
636
682
723
790
593
600
725
670
638
604
792
691
832
825
718
599
1268
847	104
967	642
571	379
916	565
429	830
412	926
512	389
646	292
126	635
184	672
679	525
187	822
52	112
239	978
739	434
134	191
11	639
314	918
807	186
687	389
992	415
133	302
247	846
74	417
463	667
479	668
623	692
316	74
11	715
235	683
122	909
762	667
962	834
93	412
477	533
543	984
395	670
652	377
732	342
45	132
968	907
318	935
397	685
452	542
985	800
928	372
282	867
856	223
652	104
566	253
299	173
911	894
472	731
704	242
360	373
114	733
627	794
276	871
106	471
604	465
433	911
641	21
522	172
22	701
363	987
377	415
886	58
329	56
512	549
510	758
202	938
931	442
900	962
172	958
745	521
881	243
270	175
307	151
902	728
875	172
550	137
650	884
512	180
411	636
897	966
656	871
172	78
265	645
379	857
515	987
105	348
240	509
596	377
428	128
134	639
242	637
49	563
225	27
319	499
625	661
389	940
504	300
19	497
749	421
127	816
330	830
571	360
903	517
752	654
84	795
920	280
804	255
965	929
357	917
231	710
667	152
29	552
772	845
184	707
219	779
254	526
127	832
529	541
965	221
441	28
705	141
452	996
318	114
618	714
814	241
929	550
134	527
165	234
755	619
945	188
380	422
306	565
914	488
974	75
473	37
589	875
446	864
44	171
538	767
716	288
868	999
882	419
773	129
383	305
314	973
236	387
64	446
126	91
424	303
886	417
756	772
438	925
868	811
522	621
276	388
163	673
483	200
244	525
200	998
439	439
792	412
976	794
113	411
715	922
722	555
736	224
10	162
515	24
127	71
626	666
494	387
139	942
982	699
192	44
226	103
646	658
132	910
765	863
351	806
398	224
403	142
95	192
491	407
656	678
841	43
783	433
996	332
207	359
345	128
418	887
646	571
360	643
735	293
875	19
763	742
900	517
672	736
94	217
396	100
864	973
306	207
393	948
760	950
31	468
953	431
580	471
168	994
359	426
609	697
556	725
246	100
85	211
321	551
638	467
195	528
511	349
85	819
347	273
651	201
758	4
