150
300
428
572
437
459
536
422
451
393
497
517
392
414
556
438
579
389
543
525
403
570
570
524
500
545
426
536
426
408
572
450
559
441
569
389
402
519
399
457
407
483
444
399
462
528
409
571
548
416
519
429
392
392
464
544
498
581
484
444
460
499
509
504
538
458
433
568
571
456
446
497
544
454
565
435
401
464
421
563
450
393
539
567
427
535
395
395
446
407
576
454
432
506
520
462
545
529
397
520
454
500
422
443
564
576
536
477
412
394
472
430
457
535
575
577
516
402
454
444
447
408
571
399
410
463
530
507
396
392
574
476
399
565
554
548
531
525
438
443
427
408
407
519
467
469
404
478
413
441
487
1820
940	1024
673	757
932	992
723	738
952	932
536	633
667	707
330	360
218	123
813	750
75	78
517	592
669	643
709	774
354	368
402	327
732	812
246	292
524	581
99	181
387	474
850	892
492	433
248	307
532	591
193	139
221	122
294	301
701	740
649	679
823	906
270	226
482	503
569	618
680	763
460	438
400	478
88	89
240	220
534	534
99	174
658	675
449	476
13	97
752	708
951	1010
19	36
103	110
922	938
554	500
989	961
269	180
426	335
556	580
185	196
74	77
760	661
47	17
739	828
280	210
351	282
292	259
149	204
552	500
512	596
885	875
834	818
880	950
732	750
955	973
270	323
894	877
341	266
779	712
602	505
314	385
409	342
353	270
28	1
483	404
670	635
47	116
461	502
40	134
992	1079
664	717
846	916
786	796
601	560
469	474
973	994
727	825
746	782
98	184
174	165
839	739
843	917
58	9
235	177
852	764
121	201
373	381
345	381
886	906
692	740
122	205
163	241
462	507
245	334
999	1006
41	70
940	898
72	66
388	384
925	978
441	497
606	676
49	76
524	560
485	517
885	874
725	673
542	539
565	480
327	264
296	310
800	738
783	718
722	694
747	797
249	263
151	68
688	628
249	258
320	388
362	293
69	70
372	466
804	896
522	614
183	265
548	586
427	349
197	145
960	901
335	334
927	995
290	329
457	451
214	211
823	737
338	358
521	441
418	340
744	676
907	894
427	452
412	356
833	856
763	704
686	695
495	584
790	865
583	652
118	208
92	53
584	653
656	609
724	824
871	969
96	68
631	635
194	159
415	449
25	35
324	350
18	79
811	864
101	79
371	282
560	634
297	348
735	767
40	133
442	483
946	856
437	520
194	169
809	785
840	880
469	552
274	330
281	228
948	1010
875	851
494	494
273	358
869	868
142	74
809	712
29	129
232	328
286	373
489	579
914	930
525	447
371	310
322	274
335	382
361	337
933	988
529	598
322	417
323	270
10	61
137	48
347	325
236	237
663	747
351	347
485	509
145	180
698	725
351	375
824	737
659	633
452	467
821	803
850	890
538	485
47	85
768	867
815	807
115	123
172	265
311	379
222	210
263	291
995	1005
52	65
803	778
382	322
816	882
662	706
587	635
527	472
34	42
991	985
56	93
782	813
818	908
97	96
766	774
791	713
128	128
858	888
68	157
57	79
555	594
240	249
445	372
700	609
828	849
242	339
340	439
103	120
43	21
284	254
438	514
733	804
328	362
479	517
379	386
812	748
974	1020
497	582
30	56
166	185
953	985
666	696
809	791
411	439
982	932
233	157
158	74
237	165
101	197
911	969
799	712
145	238
437	452
185	87
968	910
578	551
683	749
210	206
640	702
51	61
201	272
329	308
