75
225
613
840
792
727
648
610
794
795
849
652
743
887
689
716
799
779
704
649
852
719
600
767
830
725
632
712
860
696
705
617
893
811
617
738
791
682
610
824
794
858
705
752
768
742
772
872
780
609
877
657
789
891
676
869
796
632
635
840
656
786
800
702
648
785
630
643
707
631
811
685
816
750
749
893
1367
61	71
117	127
412	422
396	406
508	518
757	767
14	24
766	776
69	79
84	94
316	326
539	549
388	398
940	950
111	121
918	928
85	95
701	711
419	429
574	584
121	131
541	551
333	343
396	406
442	452
908	918
956	966
635	645
92	102
659	669
586	596
782	792
22	32
376	386
499	509
93	103
132	142
825	835
61	71
253	263
459	469
164	174
927	937
166	176
752	762
648	658
156	166
84	94
966	976
133	143
893	903
573	583
538	548
210	220
57	67
643	653
955	965
601	611
865	875
955	965
832	842
527	537
58	68
107	117
751	761
947	957
948	958
899	909
748	758
429	439
976	986
29	39
897	907
665	675
116	126
701	711
197	207
601	611
69	79
951	961
759	769
351	361
374	384
394	404
851	861
63	73
563	573
313	323
22	32
772	782
239	249
50	60
841	851
669	679
826	836
610	620
113	123
92	102
99	109
927	937
484	494
424	434
330	340
103	113
299	309
337	347
971	981
811	821
544	554
420	430
717	727
383	393
754	764
723	733
949	959
908	918
228	238
471	481
201	211
520	530
704	714
749	759
498	508
997	1007
405	415
360	370
178	188
721	731
839	849
270	280
946	956
569	579
279	289
437	447
359	369
581	591
789	799
938	948
205	215
779	789
544	554
158	168
760	770
361	371
488	498
850	860
381	391
114	124
254	264
386	396
459	469
231	241
286	296
951	961
518	528
34	44
635	645
626	636
385	395
689	699
267	277
75	85
970	980
777	787
707	717
729	739
552	562
414	424
758	768
557	567
111	121
132	142
630	640
690	700
141	151
653	663
920	930
302	312
823	833
731	741
626	636
251	261
683	693
297	307
313	323
970	980
859	869
39	49
364	374
18	28
784	794
860	870
861	871
313	323
63	73
691	701
263	273
268	278
368	378
437	447
942	952
290	300
374	384
806	816
147	157
484	494
557	567
929	939
69	79
925	935
166	176
689	699
615	625
535	545
377	387
609	619
581	591
501	511
528	538
287	297
306	316
879	889
739	749
358	368
423	433
