150
300
578
413
445
528
592
502
456
598
575
519
582
525
454
499
541
436
527
463
556
422
595
582
415
503
554
610
461
447
569
522
419
428
567
512
475
428
569
481
605
508
520
447
480
442
419
414
541
478
502
595
611
585
471
456
442
506
579
468
550
521
514
510
474
455
562
595
410
611
561
485
436
578
550
453
502
458
579
480
521
482
420
434
460
567
482
419
472
462
576
603
442
492
542
464
530
554
432
505
418
479
541
581
566
598
493
600
483
608
420
505
425
545
433
605
430
438
509
535
472
579
543
472
453
442
595
533
581
412
561
499
580
434
473
498
490
531
489
449
427
456
599
568
506
532
596
459
505
504
551
1169
257	178
759	792
817	812
221	222
555	458
761	803
720	630
107	153
758	791
261	323
979	1052
978	1036
511	427
605	587
894	909
443	515
355	379
19	38
786	715
502	472
436	459
613	612
380	394
483	456
725	825
250	348
482	554
928	968
723	771
337	428
234	198
159	104
807	717
865	919
450	434
681	696
545	594
341	273
399	478
651	597
902	822
12	14
419	346
356	260
42	137
159	177
752	689
617	693
689	674
754	735
651	735
11	16
958	972
202	283
368	461
742	756
962	967
598	682
746	679
639	726
47	25
364	298
113	47
710	727
766	767
64	33
968	1040
144	206
586	566
715	698
824	792
423	409
583	613
654	724
273	236
395	313
381	461
182	132
578	536
524	513
930	909
258	290
56	44
554	514
914	877
860	914
555	603
482	518
727	731
704	743
471	378
129	171
966	1061
983	917
43	121
481	572
448	428
685	674
373	354
553	596
757	736
989	1078
783	720
300	224
375	392
644	661
366	451
194	230
840	750
562	473
398	397
526	568
320	361
398	477
1000	1061
550	580
446	520
937	841
501	426
460	557
730	671
704	757
228	272
126	66
639	584
469	387
438	345
879	883
546	628
986	970
209	304
881	920
773	856
150	193
121	190
139	93
823	916
527	594
560	539
572	523
670	751
957	964
692	701
55	1
318	381
620	651
943	938
952	895
826	820
548	505
728	650
290	268
458	474
619	522
230	327
753	802
92	144
806	840
652	566
79	61
160	81
231	226
544	494
130	79
560	608
13	87
603	675
364	419
834	803
842	766
282	195
621	595
410	420
742	794
416	379
18	97
310	348
496	463
726	779
15	13
871	940
628	620
795	846
450	468
789	726
843	813
986	903
826	742
778	799
867	928
166	86
986	1022
733	643
599	681
818	775
66	93
416	335
599	564
210	151
970	940
825	782
661	623
490	590
729	789
143	128
806	862
198	211
227	322
521	601
310	391
598	660
124	32
68	100
949	1038
236	245
460	464
221	156
278	318
666	645
812	752
711	669
951	1043
548	574
825	917
135	213
369	424
986	1043
826	856
491	491
400	430
346	256
511	517
689	738
58	80
845	912
875	947
422	451
536	441
277	351
258	192
212	278
135	135
371	371
242	263
933	946
549	545
242	253
174	259
545	606
270	343
263	226
290	291
91	179
681	653
787	743
268	222
901	906
851	904
280	325
36	89
185	120
982	939
115	120
113	43
288	196
758	735
905	845
104	121
621	535
807	775
317	258
463	508
949	1045
493	530
258	225
335	432
46	9
75	66
303	355
877	885
491	422
234	300
163	115
150	232
375	397
34	79
268	312
466	532
36	1
999	1096
413	419
906	957
371	383
629	539
863	770
603	574
123	193
64	151
486	458
621	668
