90
180
477
559
505
478
450
449
404
553
576
566
489
462
551
549
492
490
482
533
482
574
510
583
455
477
531
460
457
518
474
519
429
443
448
588
457
577
489
520
458
473
465
483
471
590
415
588
413
520
491
587
540
440
425
525
482
429
598
419
487
518
450
532
545
449
535
517
521
500
410
414
461
410
415
599
519
472
505
450
494
456
522
402
523
533
544
429
599
457
546
1122
804	859
282	212
529	538
488	406
842	881
117	38
379	279
416	434
401	314
196	104
989	917
862	841
95	128
705	704
788	731
471	446
896	961
807	751
84	71
295	394
943	936
830	739
120	40
294	322
930	906
371	376
811	857
410	453
926	829
546	531
389	444
50	58
741	724
510	454
338	349
412	380
308	377
897	863
156	211
267	336
319	304
666	622
702	611
465	562
622	612
678	737
79	59
116	85
394	477
805	853
420	385
367	363
506	522
863	917
861	788
516	459
919	823
894	829
366	430
275	317
862	897
509	468
413	513
238	218
800	827
960	861
873	912
182	280
954	916
122	220
921	997
859	762
155	254
41	116
994	925
574	581
917	893
473	442
193	289
285	309
497	569
343	245
494	589
312	349
46	82
212	160
313	231
484	527
975	884
764	805
41	74
739	718
819	748
239	159
504	430
946	855
96	156
400	401
291	193
781	791
572	531
591	597
367	340
332	232
212	307
131	178
153	132
450	428
626	642
177	168
807	870
174	272
581	616
500	570
643	566
321	385
397	448
947	972
530	572
583	646
545	532
70	120
306	385
206	278
899	856
948	1037
734	793
709	807
187	228
174	113
182	97
874	966
128	154
739	825
680	716
262	206
263	185
558	503
830	763
744	721
116	164
145	230
275	232
567	618
489	589
837	823
807	732
249	276
76	52
711	734
859	804
737	765
527	549
486	469
240	280
647	698
550	547
413	390
712	625
508	458
187	225
104	30
686	775
519	566
386	394
391	411
545	608
901	921
350	367
27	15
718	801
153	249
400	318
453	406
726	764
524	598
385	398
266	314
483	451
972	983
