150
300
466
433
538
477
437
399
484
510
487
537
454
538
399
428
519
452
584
506
411
507
510
489
484
465
481
477
482
462
475
500
577
564
496
499
486
489
451
500
418
497
572
412
579
573
410
530
410
472
500
547
401
573
425
524
477
475
466
541
433
500
392
576
467
430
516
536
521
494
506
446
461
482
540
509
535
524
397
407
533
393
483
510
569
557
407
551
532
418
531
415
462
430
532
479
442
470
542
477
399
451
507
537
480
431
455
393
415
461
514
562
534
489
475
581
399
447
471
499
456
479
477
458
416
559
391
532
450
405
454
543
508
575
410
537
414
570
460
473
567
519
577
572
504
507
474
398
405
475
504
1080
68	674
399	746
261	590
293	723
325	493
21	366
932	256
826	646
77	765
117	757
159	474
567	459
844	141
895	791
193	517
642	107
72	63
218	291
215	170
235	262
783	172
189	33
718	368
69	784
563	415
989	846
543	712
339	910
682	571
655	651
128	66
557	541
766	545
150	678
267	28
916	228
453	395
434	391
866	962
32	573
660	212
64	204
160	345
924	648
961	869
62	133
151	67
631	656
316	938
793	329
530	206
689	3
594	250
552	295
287	445
110	854
765	243
304	774
690	110
585	695
744	84
618	926
343	242
375	82
355	601
535	941
352	600
508	789
721	138
905	803
835	618
597	123
775	908
606	470
807	366
729	500
323	735
816	990
430	6
328	107
106	974
701	642
42	336
377	440
177	306
893	241
432	511
424	460
98	151
497	938
471	473
83	327
741	726
768	21
429	935
400	141
213	506
141	367
802	704
593	164
590	243
482	906
996	246
544	832
810	997
394	331
469	416
583	560
440	970
420	682
327	302
864	943
93	492
707	254
97	152
893	291
314	51
590	134
581	479
289	561
400	477
418	73
567	874
624	471
465	689
481	679
77	306
110	392
327	4
855	941
252	590
187	35
976	845
721	693
180	721
345	85
883	472
524	20
822	455
624	683
377	190
435	146
658	307
858	257
398	962
984	573
715	92
655	662
71	814
277	623
821	948
571	965
870	636
372	67
10	463
564	173
299	14
657	260
303	362
240	658
27	527
142	262
903	425
748	394
348	928
542	467
590	296
201	881
458	940
509	311
172	595
463	341
718	91
104	165
916	454
579	298
616	474
249	624
203	750
332	272
294	770
324	738
581	829
550	864
307	661
198	656
278	547
832	403
963	356
673	508
732	31
462	75
163	588
947	546
273	458
302	687
677	164
511	452
929	76
517	604
580	393
453	438
389	101
237	462
594	58
989	675
860	630
694	931
997	732
721	350
564	565
128	921
50	15
505	361
810	957
32	371
947	271
203	265
467	43
774	208
858	988
439	784
462	322
522	467
193	82
798	162
691	88
308	908
369	770
667	488
425	86
440	790
646	975
63	945
704	548
547	751
523	786
288	228
844	803
352	867
146	590
127	775
236	129
776	633
121	725
67	291
10	9
346	909
534	497
290	93
72	256
199	252
835	868
387	831
111	930
887	971
903	521
594	557
730	330
772	968
337	416
586	264
820	197
569	823
842	142
241	294
876	432
540	831
562	427
615	992
691	789
219	971
101	986
686	307
35	651
629	209
628	996
833	872
185	51
243	54
379	526
765	332
172	107
565	888
155	734
426	777
822	863
571	410
761	338
772	99
609	819
182	164
109	857
243	619
353	666
846	704
498	39
692	263
267	634
753	710
