90
180
575
564
600
481
562
575
554
641
610
574
547
487
600
442
633
579
581
599
621
513
494
484
569
458
515
617
505
510
449
604
645
547
623
517
567
642
649
576
441
641
552
492
459
492
518
575
500
542
473
558
558
478
525
480
471
446
560
654
463
489
606
635
507
532
543
551
466
624
442
581
598
585
521
509
501
521
462
588
602
471
625
453
466
534
482
508
573
531
574
1029
796	806
387	397
303	313
984	994
438	448
592	602
185	195
622	632
156	166
687	697
543	553
865	875
586	596
871	881
130	140
803	813
36	46
926	936
694	704
585	595
795	805
902	912
944	954
992	1002
711	721
361	371
171	181
810	820
322	332
291	301
662	672
125	135
212	222
682	692
339	349
145	155
906	916
369	379
736	746
692	702
845	855
464	474
748	758
906	916
213	223
949	959
635	645
437	447
321	331
312	322
271	281
169	179
204	214
915	925
430	440
119	129
720	730
677	687
890	900
502	512
906	916
996	1006
871	881
107	117
997	1007
201	211
825	835
280	290
189	199
918	928
33	43
670	680
742	752
668	678
174	184
54	64
424	434
195	205
268	278
882	892
210	220
853	863
320	330
932	942
987	997
631	641
942	952
968	978
576	586
357	367
54	64
48	58
830	840
310	320
39	49
414	424
867	877
850	860
803	813
106	116
228	238
260	270
980	990
770	780
525	535
584	594
366	376
420	430
836	846
950	960
272	282
925	935
570	580
146	156
392	402
845	855
443	453
961	971
875	885
234	244
545	555
721	731
50	60
350	360
552	562
886	896
122	132
740	750
935	945
933	943
73	83
749	759
877	887
147	157
761	771
978	988
243	253
461	471
589	599
711	721
835	845
233	243
797	807
243	253
584	594
43	53
338	348
161	171
921	931
536	546
900	910
396	406
264	274
147	157
852	862
761	771
303	313
189	199
525	535
877	887
434	444
770	780
782	792
857	867
837	847
50	60
429	439
448	458
47	57
839	849
534	544
857	867
632	642
649	659
111	121
462	472
657	667
387	397
702	712
618	628
