150
300
421
567
561
558
488
424
531
575
562
495
475
530
617
446
450
573
586
429
452
443
431
490
581
452
534
608
545
572
511
508
472
523
534
476
459
446
562
600
464
573
445
502
620
572
454
521
433
549
595
489
501
533
506
473
453
486
498
581
570
510
421
506
460
534
489
459
564
589
576
416
582
542
604
530
431
559
503
485
459
475
434
581
586
499
508
596
483
512
486
418
458
509
420
494
479
578
550
588
455
563
616
600
590
523
599
490
492
515
501
555
440
600
495
614
491
540
525
578
455
523
457
543
615
432
484
591
568
489
517
536
537
473
563
599
543
492
566
423
444
448
472
546
433
579
482
567
513
567
596
1018
66	66
446	446
955	955
733	733
750	750
393	393
693	693
823	823
446	446
474	474
204	204
844	844
861	861
819	819
762	762
746	746
779	779
282	282
999	999
382	382
466	466
449	449
582	582
279	279
605	605
88	88
889	889
157	157
256	256
743	743
841	841
390	390
210	210
515	515
690	690
955	955
127	127
715	715
705	705
740	740
620	620
627	627
878	878
284	284
39	39
58	58
483	483
129	129
98	98
251	251
763	763
744	744
270	270
473	473
10	10
439	439
412	412
517	517
34	34
418	418
756	756
526	526
589	589
267	267
623	623
243	243
308	308
198	198
164	164
753	753
129	129
199	199
515	515
695	695
933	933
255	255
834	834
698	698
578	578
794	794
596	596
386	386
733	733
282	282
986	986
770	770
814	814
989	989
961	961
970	970
214	214
534	534
730	730
148	148
241	241
255	255
440	440
375	375
213	213
486	486
865	865
887	887
802	802
426	426
681	681
820	820
599	599
457	457
897	897
266	266
133	133
124	124
665	665
297	297
369	369
213	213
161	161
975	975
254	254
564	564
671	671
911	911
124	124
722	722
983	983
821	821
455	455
563	563
548	548
436	436
710	710
306	306
352	352
140	140
300	300
369	369
703	703
980	980
73	73
693	693
29	29
621	621
451	451
35	35
513	513
678	678
755	755
992	992
393	393
295	295
913	913
537	537
896	896
963	963
278	278
437	437
372	372
223	223
334	334
976	976
411	411
246	246
24	24
297	297
813	813
873	873
459	459
792	792
536	536
197	197
314	314
998	998
44	44
283	283
484	484
356	356
117	117
212	212
163	163
529	529
614	614
413	413
976	976
868	868
450	450
659	659
293	293
359	359
830	830
624	624
467	467
314	314
254	254
387	387
179	179
336	336
766	766
194	194
443	443
51	51
892	892
628	628
396	396
843	843
146	146
314	314
345	345
754	754
874	874
651	651
536	536
864	864
846	846
732	732
777	777
617	617
951	951
621	621
550	550
666	666
552	552
759	759
686	686
938	938
864	864
745	745
255	255
728	728
681	681
530	530
963	963
625	625
268	268
433	433
23	23
793	793
499	499
161	161
707	707
467	467
979	979
744	744
938	938
373	373
90	90
890	890
157	157
465	465
488	488
447	447
273	273
520	520
808	808
982	982
392	392
217	217
812	812
978	978
163	163
954	954
331	331
46	46
60	60
474	474
502	502
715	715
118	118
911	911
506	506
890	890
558	558
680	680
242	242
262	262
206	206
699	699
809	809
289	289
504	504
735	735
84	84
890	890
830	830
630	630
127	127
160	160
274	274
115	115
161	161
906	906
638	638
792	792
583	583
309	309
166	166
492	492
420	420
756	756
251	251
374	374
