75
225
719
803
621
753
716
849
658
896
679
780
803
774
629
720
619
775
637
764
652
873
856
629
853
878
693
795
697
897
657
619
782
719
805
631
707
856
656
708
645
757
614
690
740
749
857
689
834
803
647
754
779
898
612
859
859
700
682
720
669
622
814
830
848
729
789
809
623
909
679
793
624
630
659
848
2166
342	558
912	38
30	995
927	869
575	978
654	1
68	699
487	203
826	718
659	31
655	430
486	597
469	960
480	513
353	220
415	813
91	401
989	366
962	717
586	964
32	901
49	230
252	801
911	974
247	372
205	368
86	835
798	297
704	12
458	509
335	161
693	273
847	453
319	779
593	14
866	647
188	187
965	435
963	280
303	37
878	304
373	611
78	835
972	116
832	712
627	461
309	187
450	574
202	299
341	718
29	318
806	956
842	278
632	728
756	672
566	353
228	305
270	577
994	796
758	126
103	627
120	705
656	226
712	556
534	706
541	536
738	468
863	997
698	867
945	974
593	224
862	715
462	728
818	224
385	33
267	767
509	117
15	98
677	774
824	963
757	770
242	335
388	945
868	472
940	981
985	715
415	288
780	746
408	109
732	34
924	192
41	7
641	799
110	638
94	805
622	835
607	845
716	437
711	636
156	455
601	362
594	712
457	626
212	205
451	615
737	629
431	865
122	950
705	81
228	846
516	634
311	813
383	73
96	841
565	302
406	545
270	546
377	942
992	635
727	614
739	599
470	923
852	286
920	764
615	162
98	923
941	979
519	135
882	318
511	298
96	646
559	477
43	630
174	363
537	894
36	628
134	740
393	971
399	556
104	450
974	195
403	51
401	505
131	106
881	773
824	474
411	709
311	285
966	662
523	81
620	81
371	967
968	975
1000	813
359	494
986	374
40	196
542	560
75	979
700	863
580	654
918	16
992	243
386	368
556	249
805	254
154	820
300	719
450	495
575	241
136	481
111	201
600	900
11	601
381	577
50	908
874	896
708	556
367	871
151	958
924	560
498	420
72	376
933	268
185	53
339	422
355	616
399	196
252	299
186	933
845	117
334	275
377	531
741	406
139	89
393	351
110	482
833	866
412	117
703	598
687	888
489	582
879	865
440	221
195	714
237	70
104	589
168	666
313	545
670	94
220	571
87	675
490	928
100	95
519	122
394	525
917	33
993	321
487	68
907	438
274	721
350	507
988	857
710	779
551	479
