90
180
455
514
520
439
417
513
513
432
558
430
466
415
423
541
548
504
426
426
409
525
495
503
433
536
446
440
488
577
488
388
547
424
462
430
403
471
438
455
547
541
494
560
443
426
403
472
480
392
504
420
443
532
474
538
411
509
572
394
431
442
521
485
517
465
500
462
400
488
492
522
428
510
529
479
413
534
499
486
541
528
473
524
550
472
556
425
413
430
429
1078
115	115
722	884
710	114
819	840
628	268
177	669
398	426
301	716
314	864
115	656
328	921
644	13
734	701
49	579
452	310
831	560
342	927
649	244
670	662
202	406
503	107
199	624
767	521
867	342
64	718
114	485
802	214
922	426
306	636
603	904
702	851
897	158
59	361
567	784
470	133
408	204
373	699
277	560
165	318
100	763
699	638
601	217
702	906
957	243
723	991
67	182
671	33
825	826
169	465
173	158
564	121
122	731
443	964
857	54
655	761
412	873
867	377
927	308
797	718
409	184
720	775
860	405
292	777
564	533
491	465
322	856
120	471
839	233
91	765
509	48
902	513
283	18
761	94
740	46
440	626
692	721
318	171
869	165
987	795
30	533
147	686
447	732
849	522
56	103
776	839
406	16
262	566
935	60
479	358
54	551
794	629
276	7
563	468
397	654
844	822
828	764
341	171
346	940
203	936
988	253
291	561
968	333
574	401
584	9
284	609
430	776
615	519
442	640
622	897
173	360
755	851
758	73
654	294
48	463
287	865
72	44
294	483
133	438
532	522
321	624
798	462
630	39
341	578
322	974
83	796
235	908
127	898
365	363
445	375
276	189
799	22
389	514
889	263
169	69
452	224
275	344
568	638
34	957
976	876
204	39
294	674
125	984
980	538
31	916
550	607
990	765
212	839
958	457
167	731
863	97
286	60
217	131
417	568
308	514
314	277
941	853
119	453
803	341
272	67
167	763
852	821
537	441
470	307
827	575
413	895
320	458
484	141
79	320
342	789
571	991
679	902
637	110
373	925
621	868
222	342
95	152
342	795
793	600
376	443
863	94
