75
375
1542
1448
1522
1541
1289
1151
1277
1263
1333
1306
1359
1347
1111
1132
1356
1042
1152
1491
1219
1365
1419
1251
1508
1541
1111
1252
1171
1303
1488
1162
1493
1460
1541
1162
1121
1333
1256
1282
1425
1031
1407
1289
1534
1149
1469
1255
1373
1325
1087
1111
1431
1273
1290
1321
1103
1259
1259
1116
1514
1415
1494
1182
1042
1421
1247
1124
1146
1414
1322
1127
1202
1294
1341
1260
520
962	765
266	72
43	265
899	742
806	343
509	710
104	346
679	561
387	963
364	366
796	309
54	751
748	662
45	557
242	327
167	342
756	350
225	819
832	786
524	55
836	486
652	477
946	570
722	233
253	606
160	962
475	992
393	710
56	792
59	935
744	42
805	628
811	252
638	259
127	433
315	733
542	285
719	691
627	42
195	80
841	514
575	438
139	918
282	894
119	350
489	506
673	378
782	94
717	648
966	286
85	815
751	113
822	524
958	95
906	75
956	686
530	808
788	579
743	526
56	256
833	216
639	57
445	630
358	787
488	835
174	342
524	972
234	762
762	875
61	441
533	949
674	260
778	424
476	480
103	761
212	674
538	86
575	145
50	599
881	611
244	922
698	643
101	984
171	105
800	362
127	634
72	215
218	473
558	954
934	782
694	72
223	958
779	311
659	412
433	286
628	239
463	984
448	251
219	898
18	564
616	128
971	49
652	859
424	157
996	878
914	436
861	641
458	308
361	61
29	41
262	496
949	198
72	604
74	776
195	36
260	189
249	670
859	142
396	439
180	841
474	491
589	938
830	620
521	154
495	694
172	760
879	704
318	480
14	325
525	369
967	684
419	724
835	140
663	449
166	180
391	980
644	978
890	632
336	435
912	322
451	619
97	610
490	189
84	774
733	740
470	495
402	99
118	375
34	738
697	283
464	114
999	190
615	412
204	335
135	476
245	868
978	900
559	710
237	198
704	390
731	865
990	929
958	576
928	976
632	624
778	499
700	705
994	552
586	446
324	14
749	176
77	702
23	184
634	188
772	948
687	875
981	532
688	223
964	149
426	591
623	237
425	802
53	456
319	304
128	627
629	109
231	631
145	970
847	545
948	253
661	695
621	930
642	229
842	10
695	48
314	674
544	443
448	903
509	73
142	849
35	618
200	909
753	745
949	976
932	869
773	424
290	663
931	189
226	27
121	232
926	547
282	611
966	456
430	362
785	66
343	280
407	434
464	245
101	390
375	950
107	165
866	765
737	43
355	211
412	655
795	611
414	884
977	17
906	845
322	515
358	844
237	159
650	212
374	493
847	941
48	590
477	329
370	653
932	301
375	253
324	657
543	179
659	804
238	365
474	65
634	243
521	159
762	437
467	208
495	878
247	975
695	215
416	376
239	239
568	403
656	497
180	769
775	815
815	18
761	358
272	158
522	273
419	426
177	226
720	566
967	631
609	877
239	610
512	676
671	291
95	286
960	521
687	7
292	639
994	512
384	860
78	354
432	342
819	103
675	871
778	245
312	528
774	228
400	253
724	715
574	50
724	622
886	365
610	810
441	619
947	4
943	663
958	399
642	32
402	612
448	875
50	399
650	729
409	351
25	483
252	334
410	138
527	354
262	995
132	740
152	268
321	183
345	256
246	995
673	937
530	114
765	135
419	458
765	99
71	837
107	169
576	797
11	422
318	628
803	310
721	171
838	873
518	241
490	286
528	662
870	497
478	273
941	777
829	47
732	117
21	245
485	273
497	416
832	379
615	626
353	131
52	904
442	570
658	410
275	330
788	42
818	926
220	25
261	859
785	606
325	808
289	640
104	986
107	390
855	499
844	501
694	211
187	90
505	40
690	817
743	426
243	661
798	754
487	505
26	61
816	230
806	507
674	590
982	660
655	577
672	581
200	373
727	463
321	467
28	506
329	935
791	776
321	169
659	820
788	586
