150
300
542
405
415
555
582
445
479
566
432
485
518
473
564
429
522
395
585
468
513
537
413
404
444
496
484
562
507
571
534
397
406
581
409
584
537
514
447
477
434
397
449
546
560
495
477
489
430
554
531
522
481
435
446
503
399
584
530
496
395
500
486
399
447
465
478
537
589
489
572
565
468
504
394
441
399
468
528
543
583
554
414
476
556
406
461
430
417
464
474
544
576
526
494
434
574
527
548
523
572
533
590
419
582
538
451
460
529
410
395
488
417
491
458
438
394
478
563
452
404
400
428
486
512
409
413
464
489
525
408
500
587
581
548
400
522
590
397
398
562
477
436
481
426
441
478
481
545
427
416
1571
330	651
848	230
913	348
155	985
85	614
845	536
803	890
632	243
83	121
575	939
878	373
411	955
58	955
822	550
511	324
547	417
611	4
695	874
70	330
206	106
540	946
749	975
117	799
589	780
657	317
287	573
322	125
513	286
330	850
744	332
109	805
977	222
633	668
346	684
940	168
555	329
97	110
728	309
28	614
234	814
173	819
609	689
679	2
314	75
125	830
25	469
719	915
358	71
840	778
149	139
921	637
328	542
977	180
332	499
368	678
729	577
909	363
816	381
519	642
177	715
126	951
904	849
708	944
629	316
650	135
357	184
422	938
198	178
410	194
397	128
83	225
759	771
152	655
351	139
432	502
959	444
915	773
504	593
719	66
65	550
43	116
393	922
406	855
215	748
282	465
604	780
528	141
364	182
839	902
472	915
441	462
116	745
731	823
207	676
705	578
734	748
949	758
641	849
950	60
130	540
270	273
734	432
249	363
345	673
851	47
620	588
804	218
553	479
685	670
237	74
847	360
52	126
43	144
525	461
510	41
189	387
937	169
730	755
140	483
873	117
616	771
336	430
158	121
848	752
731	315
987	156
636	948
949	749
710	321
625	879
813	477
77	200
377	907
307	813
267	212
765	464
461	258
50	713
216	341
869	747
397	27
830	217
912	229
972	224
285	608
302	454
712	97
172	203
804	509
400	903
71	616
197	980
612	660
296	566
207	236
316	960
166	353
95	17
704	445
274	935
633	526
135	394
546	53
160	396
968	968
858	712
343	109
96	473
870	168
579	348
457	215
180	432
291	500
260	708
326	954
367	115
609	99
672	908
821	81
485	628
512	316
762	392
986	300
835	293
932	408
508	579
659	574
160	514
726	483
726	139
455	541
350	538
822	391
578	827
356	37
965	987
697	785
954	719
282	309
174	643
267	810
646	940
807	496
258	334
272	55
67	86
944	502
873	759
526	130
337	983
314	897
126	407
832	342
517	470
712	448
664	960
95	239
665	806
133	287
239	637
403	936
788	251
91	860
175	639
922	851
725	65
46	524
760	138
856	997
421	45
226	612
132	301
412	831
271	17
83	65
301	638
579	350
341	268
195	921
892	892
868	59
376	224
123	599
340	971
412	188
744	538
906	587
136	731
122	225
63	37
551	375
210	937
886	24
437	464
148	411
400	237
113	226
994	540
618	994
993	474
34	628
670	511
47	739
684	626
679	263
867	563
604	577
165	143
127	888
641	327
861	411
281	706
24	864
351	789
715	861
191	64
87	301
211	379
453	861
297	976
525	55
441	147
533	222
990	943
169	908
553	274
764	585
25	412
944	685
217	372
951	311
924	932
578	622
664	558
939	561
964	479
714	218
538	339
130	144
40	33
