75
225
654
656
798
648
832
702
626
675
671
823
743
923
813
638
892
814
760
651
679
811
832
674
642
838
880
915
892
780
795
807
891
704
787
671
762
883
662
734
756
818
897
699
877
807
791
769
830
639
878
637
744
852
878
716
784
786
862
907
631
750
629
796
761
805
703
672
770
675
922
705
816
910
844
723
1202
708	928
941	674
421	125
185	280
562	900
501	279
400	769
147	76
125	551
839	865
83	713
624	930
181	415
363	92
274	740
158	191
251	773
288	747
323	596
408	866
944	558
678	141
214	601
689	545
770	666
132	899
940	127
953	682
740	360
618	396
786	467
679	252
386	857
617	898
721	819
140	147
645	456
283	490
23	963
482	31
266	241
734	647
879	512
41	997
623	639
625	352
372	785
93	4
664	459
328	781
499	937
187	34
989	652
948	694
953	335
195	253
792	922
106	381
622	574
795	522
350	57
678	23
737	45
707	521
207	901
897	446
492	215
797	983
960	632
700	282
460	12
261	707
592	397
825	459
389	367
868	289
467	857
307	633
972	790
757	258
83	469
985	173
49	37
795	762
429	157
444	941
196	715
360	969
457	92
353	11
506	836
260	803
106	318
796	871
465	845
764	144
76	956
85	632
599	371
495	452
954	491
57	55
196	213
926	624
87	397
342	789
666	277
652	183
279	919
685	583
756	226
818	954
727	889
759	657
103	609
770	140
889	98
511	937
724	463
844	871
995	209
302	239
928	873
194	325
777	645
465	780
771	533
643	240
365	766
649	80
584	958
83	299
534	17
888	825
230	476
549	150
373	160
961	739
394	394
438	438
166	984
594	163
725	486
331	171
191	353
401	587
402	516
365	872
689	418
179	890
694	915
909	518
263	154
902	361
640	262
721	273
749	160
701	134
74	692
728	385
54	156
696	332
193	265
13	187
201	811
441	225
104	795
443	806
433	295
919	335
504	486
744	662
696	132
320	252
618	576
871	908
628	181
329	162
30	6
99	812
464	373
794	624
904	21
216	622
482	958
720	591
44	194
706	446
854	366
137	6
295	986
746	236
440	405
908	318
23	962
142	396
854	88
324	806
750	617
663	959
769	256
41	216
607	169
505	80
981	60
678	578
444	586
512	248
691	307
369	735
774	175
159	898
451	139
263	115
569	655
933	512
499	38
704	227
864	13
404	28
471	151
714	546
716	464
91	832
437	873
