90
180
562
444
462
599
440
524
482
511
507
439
502
582
611
482
440
548
557
477
630
464
538
494
644
607
646
457
612
547
552
469
626
541
499
501
448
460
637
532
547
650
602
536
626
559
635
631
450
516
621
583
545
445
455
526
647
460
634
543
613
538
445
491
540
600
539
439
535
542
510
488
654
592
602
617
595
535
443
637
647
450
638
653
532
537
440
471
585
563
638
1030
788	788
838	838
542	542
423	423
861	861
191	191
972	972
90	90
737	737
542	542
595	595
74	74
656	656
313	313
225	225
249	249
593	593
477	477
742	742
313	313
772	772
222	222
54	54
451	451
808	808
121	121
817	817
773	773
803	803
966	966
400	400
214	214
68	68
923	923
805	805
370	370
315	315
108	108
559	559
985	985
849	849
906	906
213	213
979	979
824	824
327	327
334	334
969	969
291	291
94	94
406	406
549	549
841	841
313	313
200	200
193	193
234	234
585	585
278	278
78	78
483	483
197	197
865	865
624	624
481	481
957	957
710	710
228	228
753	753
772	772
265	265
788	788
835	835
570	570
694	694
311	311
953	953
528	528
854	854
976	976
573	573
636	636
609	609
250	250
727	727
690	690
592	592
904	904
947	947
462	462
125	125
563	563
523	523
473	473
361	361
363	363
956	956
641	641
489	489
87	87
926	926
791	791
699	699
243	243
707	707
812	812
645	645
791	791
212	212
572	572
835	835
212	212
819	819
72	72
709	709
875	875
22	22
472	472
107	107
73	73
965	965
751	751
600	600
836	836
468	468
638	638
36	36
611	611
395	395
304	304
544	544
794	794
469	469
786	786
194	194
457	457
645	645
433	433
954	954
881	881
444	444
215	215
351	351
966	966
702	702
894	894
364	364
745	745
260	260
794	794
562	562
246	246
645	645
964	964
264	264
265	265
365	365
432	432
806	806
668	668
966	966
770	770
713	713
58	58
510	510
422	422
88	88
589	589
993	993
711	711
957	957
856	856
220	220
236	236
301	301
671	671
794	794
146	146
520	520
985	985
