75
225
641
776
708
720
697
832
634
670
724
715
803
669
788
834
678
688
806
609
798
807
833
612
617
751
588
781
841
777
754
652
588
627
795
697
813
634
730
836
825
855
751
725
806
845
608
785
630
592
773
760
628
593
640
826
723
716
683
624
644
757
668
653
846
592
824
781
774
831
662
650
733
669
652
773
1114
602	612
61	71
440	450
98	108
408	418
381	391
307	317
678	688
332	342
379	389
26	36
921	931
280	290
456	466
137	147
488	498
434	444
242	252
892	902
776	786
961	971
538	548
827	837
770	780
616	626
745	755
57	67
335	345
507	517
730	740
108	118
108	118
161	171
737	747
532	542
579	589
652	662
661	671
910	920
802	812
229	239
263	273
966	976
656	666
385	395
935	945
329	339
503	513
458	468
284	294
149	159
216	226
288	298
809	819
217	227
374	384
532	542
569	579
123	133
766	776
662	672
315	325
918	928
89	99
97	107
414	424
658	668
144	154
721	731
833	843
552	562
449	459
453	463
21	31
705	715
148	158
283	293
85	95
841	851
362	372
642	652
306	316
465	475
158	168
279	289
837	847
580	590
775	785
787	797
765	775
472	482
998	1008
355	365
594	604
807	817
12	22
35	45
281	291
350	360
67	77
832	842
120	130
448	458
872	882
226	236
144	154
152	162
298	308
510	520
525	535
699	709
151	161
132	142
423	433
961	971
273	283
869	879
155	165
139	149
103	113
518	528
284	294
79	89
920	930
434	444
865	875
233	243
209	219
491	501
241	251
429	439
594	604
639	649
87	97
456	466
843	853
583	593
757	767
979	989
915	925
779	789
210	220
479	489
320	330
750	760
325	335
919	929
392	402
309	319
312	322
386	396
748	758
679	689
492	502
602	612
327	337
663	673
652	662
883	893
257	267
629	639
759	769
428	438
817	827
951	961
221	231
929	939
555	565
349	359
761	771
133	143
720	730
239	249
107	117
394	404
758	768
189	199
261	271
452	462
979	989
52	62
978	988
602	612
511	521
872	882
605	615
26	36
894	904
307	317
443	453
308	318
355	365
568	578
19	29
241	251
786	796
34	44
502	512
865	875
436	446
100	110
613	623
473	483
380	390
124	134
483	493
31	41
725	735
733	743
250	260
890	900
482	492
990	1000
928	938
299	309
723	733
728	738
337	347
140	150
234	244
910	920
159	169
391	401
807	817
992	1002
