150
300
555
534
411
522
462
520
437
475
521
480
547
554
452
383
433
545
551
505
528
390
487
452
410
528
500
410
495
523
487
392
490
521
547
486
395
421
522
477
385
390
393
423
378
539
400
478
446
405
418
487
518
400
485
548
518
395
516
408
537
495
438
522
491
407
475
385
428
377
440
534
415
474
515
414
553
418
531
498
555
474
393
544
488
547
456
460
468
408
459
514
534
403
504
562
409
388
411
421
382
561
407
562
551
541
376
466
486
487
534
395
391
382
465
483
544
475
410
459
436
390
548
421
446
437
426
403
395
477
484
545
537
562
436
482
557
389
440
402
531
440
389
434
476
390
414
488
521
428
436
1093
250	751
207	626
163	348
890	839
847	748
471	529
40	147
759	113
279	893
585	251
939	351
452	406
677	747
693	261
299	487
679	142
57	680
173	105
56	30
805	251
987	431
593	812
439	912
73	53
955	785
273	854
61	665
496	991
42	417
738	677
15	581
826	864
542	65
356	619
328	977
692	683
960	100
258	859
101	921
120	471
914	817
958	1000
429	615
34	776
286	510
606	582
778	787
464	588
559	411
58	711
60	93
711	815
800	955
81	535
11	100
983	231
774	382
801	369
178	883
199	1
893	266
299	592
55	567
321	122
443	765
137	662
278	211
389	214
240	276
183	977
195	612
72	781
659	183
511	608
386	916
768	257
659	3
385	58
368	243
495	626
235	719
356	720
191	322
480	34
434	888
718	519
713	310
46	761
327	237
826	567
245	555
496	257
126	819
275	838
242	134
198	147
207	946
251	405
959	114
911	777
61	694
549	769
474	676
889	858
892	567
76	668
899	799
613	369
136	121
335	290
216	721
188	550
463	125
114	205
736	971
55	372
342	142
294	73
722	653
900	417
132	45
454	1000
615	880
598	777
307	629
506	975
863	410
267	124
548	16
10	111
811	902
480	563
20	689
272	741
498	882
527	134
413	87
24	691
603	423
165	553
556	144
560	493
938	772
602	506
372	228
826	620
461	146
34	749
512	173
701	126
918	393
646	57
375	422
450	836
123	746
183	889
567	705
41	411
950	68
730	923
535	839
181	196
911	104
888	148
499	677
580	548
160	916
380	658
534	321
260	37
514	564
162	96
388	201
438	35
709	492
290	22
218	548
548	807
578	103
491	398
473	126
656	295
530	107
939	688
585	368
854	396
177	586
511	607
630	830
768	171
856	931
275	266
22	592
74	925
689	167
489	492
235	458
390	159
142	316
191	861
54	924
230	450
387	382
81	438
481	338
935	132
212	433
120	8
55	989
707	989
781	480
905	6
279	224
133	971
375	58
928	935
816	196
383	79
537	751
135	261
618	13
746	430
538	975
292	720
124	834
393	945
100	923
80	404
472	217
996	229
466	770
362	559
351	168
831	291
181	653
916	100
231	453
570	385
656	228
625	226
336	536
484	471
299	535
420	37
318	843
821	3
739	589
92	36
664	905
134	437
630	977
252	330
61	572
740	980
413	24
328	6
499	45
447	752
687	284
925	843
937	521
322	262
562	580
897	952
225	14
452	303
578	306
99	984
486	825
240	240
679	892
821	355
918	91
313	475
871	371
564	644
776	976
779	317
390	199
682	849
182	111
806	175
346	616
666	446
201	213
988	461
374	519
783	227
476	18
12	530
359	83
849	385
891	786
590	378
583	900
947	88
988	197
980	846
612	348
477	684
