150
300
530
554
580
407
478
491
503
433
562
480
539
477
547
468
418
420
449
465
469
409
516
526
561
592
603
591
466
585
605
490
558
568
573
507
520
433
505
453
440
595
447
448
422
445
466
458
432
548
496
431
524
488
571
481
597
423
476
593
533
578
586
522
548
567
421
585
500
465
585
508
603
442
472
524
491
473
409
542
564
418
532
587
453
434
601
567
493
543
458
516
546
430
447
477
543
426
511
471
539
542
407
522
418
602
484
568
570
515
530
476
494
489
468
455
598
541
569
440
422
416
453
543
541
460
439
452
470
465
520
453
406
419
412
464
452
596
474
456
586
441
515
581
486
500
503
413
474
513
581
1616
545	555
650	660
124	134
884	894
715	725
550	560
92	102
341	351
450	460
741	751
801	811
360	370
363	373
866	876
26	36
14	24
318	328
349	359
233	243
158	168
878	888
614	624
844	854
598	608
158	168
377	387
887	897
660	670
844	854
618	628
640	650
271	281
675	685
311	321
709	719
341	351
275	285
918	928
41	51
158	168
143	153
517	527
739	749
357	367
721	731
838	848
715	725
924	934
858	868
989	999
165	175
806	816
561	571
298	308
617	627
687	697
269	279
482	492
238	248
494	504
465	475
341	351
17	27
798	808
63	73
410	420
383	393
467	477
201	211
352	362
848	858
55	65
80	90
676	686
918	928
204	214
69	79
834	844
716	726
545	555
599	609
659	669
830	840
160	170
747	757
224	234
893	903
403	413
66	76
203	213
18	28
78	88
496	506
647	657
459	469
653	663
168	178
669	679
377	387
333	343
955	965
899	909
474	484
210	220
724	734
634	644
916	926
981	991
512	522
941	951
423	433
399	409
518	528
915	925
802	812
582	592
560	570
506	516
473	483
634	644
983	993
328	338
974	984
476	486
121	131
89	99
562	572
353	363
236	246
576	586
640	650
703	713
129	139
936	946
478	488
302	312
582	592
568	578
664	674
697	707
361	371
354	364
530	540
261	271
240	250
899	909
672	682
502	512
282	292
562	572
637	647
716	726
194	204
484	494
847	857
607	617
868	878
422	432
274	284
114	124
469	479
116	126
487	497
319	329
694	704
792	802
997	1007
313	323
709	719
353	363
928	938
170	180
333	343
288	298
439	449
399	409
283	293
514	524
202	212
36	46
492	502
771	781
251	261
412	422
914	924
734	744
513	523
280	290
468	478
530	540
240	250
256	266
575	585
896	906
61	71
997	1007
901	911
34	44
489	499
716	726
76	86
429	439
455	465
185	195
323	333
267	277
975	985
517	527
866	876
290	300
47	57
388	398
85	95
815	825
661	671
907	917
779	789
839	849
817	827
198	208
117	127
453	463
605	615
733	743
295	305
322	332
596	606
227	237
289	299
314	324
213	223
303	313
334	344
875	885
139	149
370	380
585	595
844	854
487	497
622	632
987	997
328	338
961	971
487	497
167	177
479	489
800	810
644	654
496	506
330	340
592	602
37	47
983	993
393	403
30	40
870	880
987	997
395	405
320	330
421	431
608	618
537	547
805	815
405	415
57	67
608	618
843	853
386	396
552	562
884	894
987	997
286	296
534	544
564	574
759	769
412	422
162	172
700	710
96	106
676	686
407	417
291	301
746	756
301	311
892	902
654	664
646	656
227	237
874	884
770	780
466	476
124	134
1000	1010
702	712
423	433
606	616
367	377
960	970
554	564
653	663
