90
180
442
513
391
440
561
516
461
448
492
561
507
469
490
436
442
403
415
569
453
434
493
503
494
402
403
500
406
538
501
547
511
554
501
522
404
463
494
396
552
423
460
495
435
469
396
425
559
388
562
476
527
519
554
502
443
461
505
489
522
449
554
395
574
528
484
553
473
421
463
409
408
410
462
519
550
455
412
570
485
542
412
463
398
409
461
557
539
393
456
1153
934	680
636	764
657	358
716	949
567	278
120	500
501	156
128	364
550	959
883	516
766	466
822	107
118	52
214	956
378	442
576	874
660	307
133	806
916	997
734	574
660	894
326	544
162	301
115	880
294	570
448	206
55	620
363	484
983	249
714	222
255	3
727	610
409	985
48	906
605	243
630	392
737	731
965	185
111	528
62	341
314	356
250	118
72	352
170	152
112	991
786	280
675	673
943	431
646	537
642	169
561	864
16	392
490	971
209	783
289	371
402	708
529	212
340	829
383	464
105	231
25	916
966	347
900	404
714	274
808	770
98	874
928	693
61	521
374	248
227	641
202	271
476	893
887	90
267	787
851	587
723	794
233	650
38	742
618	283
91	98
235	942
988	710
298	928
706	513
876	408
383	936
582	429
253	903
117	550
476	151
843	953
234	241
149	496
53	266
744	696
747	120
83	988
834	236
730	835
411	896
400	213
202	483
739	179
196	467
943	440
651	418
951	858
448	227
939	973
62	287
767	394
219	116
679	132
491	421
554	740
505	991
30	710
369	507
280	923
671	104
906	56
640	259
410	966
962	433
893	123
333	116
545	426
574	349
870	974
783	641
639	109
702	70
20	859
739	639
298	892
426	591
549	606
458	987
669	237
944	563
118	593
246	938
229	742
412	875
721	866
849	143
237	701
616	500
396	604
279	152
139	917
88	495
253	818
284	89
635	1000
255	344
537	87
400	880
599	55
147	775
66	145
918	119
881	875
290	138
92	568
166	958
697	664
849	177
363	100
397	158
697	413
310	528
209	453
506	407
684	445
821	153
689	57
393	866
765	593
658	631
