75
375
1380
1245
1326
1403
1167
1369
1049
1075
1291
1196
1071
993
1426
1083
1352
1127
1013
1424
1457
1000
1172
988
1185
997
1322
1193
1329
1332
1455
1209
1392
1392
1369
1266
1117
1351
1303
1189
1257
1000
1359
1317
1299
1188
1011
1097
1042
1397
1121
1036
1466
1366
1254
1167
1072
1201
1366
1326
1335
1095
1409
1438
1131
1022
1195
1287
1399
1427
1154
1198
1246
1211
1061
986
1113
68	674
399	746
261	590
293	723
325	493
21	366
932	256
826	646
77	765
117	757
159	474
567	459
844	141
895	791
193	517
642	107
72	63
218	291
215	170
235	262
783	172
189	33
718	368
69	784
563	415
989	846
543	712
339	910
682	571
655	651
128	66
557	541
766	545
150	678
267	28
916	228
453	395
434	391
866	962
32	573
660	212
64	204
160	345
924	648
961	869
62	133
151	67
631	656
316	938
793	329
530	206
689	3
594	250
552	295
287	445
110	854
765	243
304	774
690	110
585	695
744	84
618	926
343	242
375	82
355	601
535	941
352	600
508	789
721	138
905	803
835	618
597	123
775	908
606	470
807	366
729	500
323	735
816	990
430	6
328	107
106	974
701	642
42	336
377	440
177	306
893	241
432	511
424	460
98	151
497	938
471	473
83	327
741	726
768	21
429	935
400	141
213	506
141	367
802	704
593	164
590	243
482	906
996	246
544	832
810	997
394	331
469	416
583	560
440	970
420	682
327	302
864	943
93	492
707	254
97	152
893	291
314	51
590	134
581	479
289	561
400	477
418	73
567	874
624	471
465	689
481	679
77	306
110	392
327	4
855	941
252	590
187	35
976	845
721	693
180	721
345	85
883	472
524	20
822	455
624	683
377	190
435	146
658	307
858	257
398	962
984	573
715	92
655	662
71	814
277	623
821	948
571	965
870	636
372	67
10	463
564	173
299	14
657	260
303	362
240	658
27	527
142	262
903	425
748	394
348	928
542	467
590	296
201	881
458	940
509	311
172	595
463	341
718	91
104	165
916	454
579	298
616	474
249	624
203	750
332	272
294	770
324	738
581	829
550	864
307	661
198	656
278	547
832	403
963	356
673	508
732	31
462	75
163	588
947	546
273	458
302	687
677	164
511	452
929	76
517	604
580	393
453	438
389	101
237	462
594	58
989	675
860	630
694	931
997	732
721	350
564	565
128	921
50	15
505	361
810	957
32	371
947	271
203	265
467	43
774	208
858	988
439	784
462	322
522	467
193	82
798	162
691	88
308	908
369	770
667	488
425	86
440	790
646	975
63	945
704	548
547	751
523	786
288	228
844	803
352	867
146	590
127	775
236	129
776	633
121	725
67	291
10	9
346	909
534	497
290	93
72	256
199	252
835	868
387	831
111	930
887	971
903	521
594	557
730	330
772	968
337	416
586	264
820	197
569	823
842	142
241	294
876	432
540	831
562	427
615	992
691	789
219	971
101	986
686	307
35	651
629	209
628	996
833	872
185	51
243	54
379	526
765	332
172	107
565	888
155	734
426	777
822	863
571	410
761	338
772	99
609	819
182	164
109	857
243	619
353	666
846	704
498	39
692	263
267	634
753	710
367	909
161	288
821	325
564	721
586	543
61	739
380	954
356	368
373	237
993	673
699	530
59	766
206	923
476	183
328	131
756	10
659	545
924	830
176	281
968	688
617	43
378	4
20	336
525	638
599	458
139	9
697	595
880	816
792	657
532	851
616	112
397	781
922	617
550	515
132	762
998	983
668	430
535	710
301	478
226	214
467	311
387	573
714	742
593	854
272	106
785	301
497	785
52	436
619	573
735	887
178	728
963	862
855	534
904	872
44	283
288	920
213	972
313	43
158	10
744	695
65	604
199	835
295	748
73	746
828	14
962	761
829	68
670	236
70	269
762	780
88	583
907	468
637	394
309	836
584	135
