90
180
400
432
398
530
500
500
542
377
560
449
464
384
456
556
399
422
515
422
479
516
494
500
448
527
414
467
381
535
383
444
543
468
452
442
387
484
548
469
428
559
505
435
478
388
386
470
538
411
542
493
429
454
537
376
402
524
449
495
469
532
461
495
535
405
405
521
398
389
495
502
444
560
403
529
495
445
437
393
380
519
439
506
447
390
411
375
461
454
548
1060
361	371
258	268
426	436
875	885
294	304
298	308
746	756
480	490
184	194
155	165
127	137
911	921
757	767
80	90
378	388
25	35
46	56
306	316
257	267
32	42
989	999
171	181
454	464
14	24
112	122
383	393
337	347
270	280
59	69
744	754
38	48
677	687
437	447
38	48
386	396
309	319
416	426
758	768
707	717
912	922
311	321
980	990
357	367
411	421
810	820
486	496
238	248
247	257
692	702
693	703
566	576
426	436
985	995
69	79
562	572
413	423
302	312
128	138
656	666
358	368
877	887
521	531
929	939
955	965
122	132
335	345
426	436
476	486
544	554
111	121
769	779
337	347
347	357
699	709
584	594
704	714
693	703
909	919
386	396
215	225
576	586
662	672
130	140
729	739
823	833
480	490
858	868
135	145
10	20
141	151
290	300
374	384
745	755
416	426
97	107
81	91
616	626
591	601
178	188
181	191
307	317
338	348
208	218
266	276
656	666
727	737
923	933
388	398
256	266
878	888
392	402
175	185
352	362
759	769
677	687
57	67
707	717
661	671
540	550
143	153
375	385
431	441
858	868
555	565
683	693
862	872
923	933
69	79
839	849
345	355
423	433
573	583
685	695
81	91
646	656
256	266
183	193
463	473
530	540
734	744
504	514
352	362
382	392
74	84
116	126
509	519
926	936
536	546
213	223
428	438
614	624
311	321
129	139
844	854
905	915
701	711
757	767
483	493
215	225
847	857
339	349
162	172
791	801
57	67
708	718
331	341
41	51
494	504
417	427
267	277
314	324
870	880
757	767
971	981
913	923
815	825
849	859
460	470
486	496
817	827
