75
225
646
812
685
601
824
638
654
657
747
791
597
735
834
619
608
768
855
620
840
851
634
772
879
616
635
665
839
837
647
836
601
741
688
884
751
696
819
718
703
668
604
715
744
763
702
701
771
674
867
690
776
637
864
663
778
722
824
639
647
735
635
872
784
752
765
881
685
748
606
618
605
593
824
605
1957
345	345
146	146
187	187
51	51
50	50
298	298
519	519
735	735
843	843
345	345
292	292
393	393
634	634
149	149
618	618
742	742
247	247
251	251
260	260
370	370
339	339
40	40
274	274
555	555
125	125
384	384
935	935
473	473
660	660
916	916
176	176
455	455
26	26
197	197
946	946
369	369
215	215
58	58
977	977
59	59
360	360
320	320
683	683
711	711
212	212
730	730
120	120
537	537
600	600
830	830
201	201
591	591
264	264
605	605
385	385
597	597
377	377
398	398
19	19
741	741
944	944
618	618
779	779
755	755
523	523
837	837
78	78
988	988
593	593
272	272
710	710
318	318
735	735
822	822
614	614
935	935
323	323
73	73
665	665
386	386
17	17
53	53
515	515
727	727
958	958
941	941
35	35
384	384
292	292
893	893
638	638
612	612
694	694
891	891
966	966
993	993
240	240
382	382
58	58
503	503
770	770
853	853
304	304
810	810
891	891
197	197
766	766
282	282
547	547
431	431
585	585
14	14
253	253
52	52
289	289
682	682
539	539
20	20
652	652
853	853
824	824
657	657
418	418
403	403
600	600
666	666
439	439
345	345
254	254
684	684
547	547
384	384
499	499
825	825
47	47
938	938
577	577
716	716
860	860
840	840
827	827
257	257
90	90
761	761
786	786
483	483
494	494
583	583
330	330
815	815
195	195
69	69
451	451
295	295
188	188
11	11
785	785
891	891
453	453
74	74
489	489
323	323
55	55
150	150
691	691
367	367
786	786
664	664
169	169
128	128
652	652
636	636
476	476
151	151
489	489
173	173
925	925
769	769
411	411
138	138
35	35
712	712
353	353
817	817
524	524
906	906
675	675
417	417
679	679
762	762
775	775
213	213
700	700
426	426
294	294
944	944
832	832
684	684
763	763
315	315
10	10
43	43
921	921
634	634
894	894
747	747
73	73
447	447
677	677
895	895
87	87
266	266
578	578
105	105
80	80
964	964
310	310
321	321
663	663
523	523
805	805
565	565
810	810
900	900
282	282
