150
300
551
473
480
558
536
620
536
520
468
440
459
517
551
475
526
550
471
534
471
487
528
541
606
499
615
486
534
602
580
622
470
522
494
606
607
619
501
623
500
607
560
592
463
577
552
585
481
467
450
622
543
587
443
560
599
459
444
511
611
586
448
477
575
465
539
596
577
496
533
617
547
444
446
601
523
489
527
427
463
513
536
489
560
536
443
478
543
559
616
592
548
426
566
486
488
517
599
429
568
632
572
572
455
549
603
548
582
516
580
476
462
471
546
457
467
590
461
502
456
568
588
501
529
463
617
591
427
539
457
470
545
422
439
491
626
443
590
445
518
567
522
481
496
453
479
449
629
422
430
1224
381	298
338	255
943	868
106	153
630	630
363	331
197	142
348	302
452	442
522	425
210	292
797	816
465	392
822	835
301	386
156	119
957	1021
323	310
812	760
84	127
927	868
104	32
831	731
779	700
961	1057
944	1039
989	1033
564	578
611	665
677	767
722	641
120	50
931	961
928	848
144	52
824	808
491	543
568	524
605	512
327	285
343	337
927	857
30	102
20	106
705	742
218	236
471	477
597	662
127	36
790	780
904	815
31	76
878	930
73	70
899	992
60	94
16	106
526	575
948	879
143	57
915	859
328	352
407	402
948	1006
210	275
524	620
421	441
320	235
820	902
870	842
546	465
890	935
606	704
923	943
580	641
179	269
216	156
363	402
715	732
706	693
920	982
381	401
324	355
265	251
163	91
301	353
954	876
321	295
564	657
289	370
743	660
382	440
113	29
24	112
342	284
87	158
673	689
373	418
634	558
852	800
751	812
113	189
447	426
813	721
335	376
753	741
363	278
598	675
812	724
119	132
129	229
544	637
723	747
269	254
611	711
582	579
498	474
895	804
739	653
446	493
782	814
458	542
456	427
878	846
365	265
558	570
170	92
925	860
461	379
74	172
671	640
535	478
189	143
984	1066
263	282
964	926
122	97
914	1007
560	516
949	997
683	770
21	75
789	735
964	1002
206	240
872	928
268	349
835	867
728	735
467	396
645	638
300	335
970	875
484	449
646	716
657	631
473	541
560	594
755	784
824	920
43	133
611	685
941	1018
184	119
676	605
583	504
705	728
783	856
885	919
861	842
183	177
404	452
392	429
425	437
193	292
240	283
691	696
439	350
822	917
817	792
540	442
429	518
684	686
544	482
964	944
537	515
595	514
294	302
603	581
743	715
253	244
302	358
912	1012
288	362
62	21
447	366
401	326
255	242
987	1085
922	850
286	241
150	78
956	872
733	779
307	393
824	873
661	687
941	908
37	103
446	449
230	226
384	356
240	206
342	270
400	391
973	957
672	629
307	257
309	272
770	759
264	185
867	796
189	215
341	375
266	278
911	1008
90	112
389	373
860	862
879	839
849	888
381	480
675	655
591	503
174	85
14	72
249	278
83	52
531	561
982	1065
812	762
848	908
854	852
296	381
593	498
121	26
596	614
877	886
255	181
554	489
358	421
162	82
635	694
466	389
654	654
786	835
698	679
595	530
371	286
828	865
365	307
866	942
704	757
685	686
554	615
18	39
190	281
111	28
647	648
366	270
31	38
550	557
459	473
17	11
642	545
842	743
805	804
817	750
708	770
947	928
441	499
561	528
590	686
366	434
79	143
939	1029
266	197
170	133
407	506
668	683
970	955
434	386
886	822
299	328
768	696
527	548
245	270
929	853
232	205
784	764
