75
375
1119
1124
1383
1250
1015
1302
1148
1194
1203
1153
1372
1254
1464
1375
1400
1111
1249
1295
1085
1057
1226
1281
1171
1119
1016
1289
1141
1100
1461
1275
1167
1269
1097
1223
1094
1462
1102
1432
1461
1264
1302
1128
1302
1184
1033
1481
1176
1414
1242
1379
1078
1023
1239
1104
1353
1110
1455
1423
1344
1422
1151
1383
1135
1054
992
1123
1088
1110
1205
1265
1089
1361
1307
1098
1958
51	468
398	501
350	725
587	359
215	465
760	146
498	828
61	492
32	943
873	437
689	605
939	154
302	383
584	717
899	896
502	727
907	539
888	913
902	300
198	895
965	812
611	334
836	665
286	712
515	869
782	645
960	758
227	860
805	742
782	779
434	36
398	843
298	107
131	943
445	649
699	806
44	730
596	351
151	102
619	549
810	624
310	955
928	841
21	377
67	309
107	440
852	324
592	539
272	83
146	542
879	116
685	659
912	931
113	307
962	387
76	746
177	73
334	830
30	574
152	513
212	291
252	637
563	768
872	575
77	53
603	151
104	725
102	431
396	192
179	338
602	288
15	384
90	910
507	759
447	589
486	947
759	31
567	169
910	592
934	656
573	360
877	538
747	484
848	42
639	351
391	837
465	21
642	22
601	200
849	485
363	735
63	1000
662	939
964	789
299	468
765	894
874	484
970	422
446	618
30	515
445	617
116	452
790	250
673	557
15	304
288	9
899	610
134	703
232	486
130	344
803	588
585	504
521	201
585	619
770	797
934	282
770	799
271	158
662	623
710	293
102	180
362	658
40	192
996	889
337	512
356	635
498	56
518	647
606	887
56	434
149	143
70	417
89	999
422	652
121	700
594	477
154	390
130	713
628	511
202	870
33	689
528	790
400	424
57	586
408	286
341	427
879	758
923	933
215	155
956	190
166	330
396	693
624	556
471	550
514	513
425	61
917	754
293	424
433	997
841	530
757	438
56	950
203	196
334	417
548	106
714	283
573	735
286	702
605	672
841	264
359	356
474	54
922	809
851	946
359	757
583	559
863	983
491	145
413	223
202	162
590	451
282	467
162	660
536	440
416	25
398	511
791	650
313	314
520	23
196	19
959	906
130	392
302	626
721	415
405	825
605	875
598	160
942	71
560	298
591	178
936	271
782	669
355	986
139	481
484	628
848	100
807	626
562	925
132	973
188	182
292	433
668	594
933	32
574	143
385	287
191	901
368	361
621	975
406	171
245	834
892	761
77	668
358	551
150	695
723	625
281	126
820	695
866	303
534	467
724	594
77	485
37	465
318	153
828	88
349	927
101	758
468	316
667	228
161	759
237	110
955	87
836	488
848	475
653	628
684	929
658	521
966	963
133	597
774	262
295	526
283	261
266	117
85	327
282	772
475	548
352	521
70	925
468	764
986	852
834	830
189	714
139	579
447	8
586	201
302	440
331	761
538	325
541	109
312	888
982	851
596	429
120	385
586	541
400	705
953	357
136	351
995	486
746	217
645	358
608	358
608	272
95	362
23	23
888	113
835	697
694	42
649	130
455	566
623	933
504	856
171	963
621	735
718	973
656	370
740	964
635	484
921	636
167	849
721	939
251	143
971	512
949	176
658	826
258	871
645	935
350	784
76	399
487	702
311	735
656	535
611	994
276	706
35	549
35	301
549	642
45	856
269	463
864	878
614	679
771	444
558	674
140	314
885	73
936	611
36	933
374	696
296	832
230	489
947	91
678	590
234	146
534	315
823	741
252	259
345	760
301	606
499	182
765	830
992	609
563	998
712	557
796	628
531	542
373	241
75	175
791	78
405	684
295	993
68	602
609	760
698	429
289	85
175	787
643	971
351	848
902	504
420	664
761	364
101	172
742	241
282	543
692	914
664	705
116	233
760	206
30	540
313	423
297	248
711	649
999	865
130	76
744	713
709	679
788	263
601	986
