150
300
581
591
505
410
520
559
564
472
573
600
426
517
557
434
524
414
535
427
481
482
578
513
575
575
472
407
429
454
442
467
553
406
535
468
459
414
422
597
562
417
533
438
415
509
537
422
585
502
582
411
491
473
505
588
423
504
605
414
508
430
503
586
546
517
593
582
522
539
451
526
593
485
577
529
517
411
434
557
587
588
463
552
524
452
591
444
510
441
453
471
451
498
485
511
435
454
543
516
427
421
448
595
422
542
474
496
450
601
594
583
583
576
530
563
414
441
523
572
412
534
436
510
547
437
536
453
422
555
602
489
584
425
551
485
516
540
418
493
541
573
470
525
449
434
485
459
428
543
461
1081
946	728
355	847
614	876
470	329
637	276
115	598
130	974
149	126
590	569
825	172
967	142
997	664
967	82
225	92
593	107
303	353
182	408
296	690
854	558
744	977
371	160
939	953
958	799
509	125
654	683
207	79
184	808
529	251
896	77
14	884
716	545
75	679
249	942
810	255
703	274
28	785
980	292
429	137
138	228
989	348
539	22
978	88
647	353
536	608
471	483
350	621
212	999
387	666
671	369
709	646
158	561
417	31
824	255
523	149
662	822
998	684
544	907
607	679
356	552
848	49
281	548
118	453
344	350
895	850
804	58
686	487
372	363
404	365
937	193
26	132
410	12
176	318
868	218
170	780
514	54
668	789
815	314
87	590
885	886
430	831
436	169
540	546
550	30
891	265
73	43
809	752
591	943
708	265
224	90
772	71
506	146
620	573
18	307
924	615
522	766
434	41
180	813
637	111
129	789
240	45
457	997
357	584
600	558
55	908
929	452
447	912
810	525
699	279
625	151
294	96
215	326
660	48
285	198
514	382
693	806
148	615
246	502
343	956
857	50
268	929
43	488
103	879
21	758
340	852
913	655
712	353
965	776
174	948
637	21
533	79
24	354
692	185
14	799
230	876
95	947
657	143
343	404
485	764
67	126
331	532
908	955
570	618
35	729
580	205
628	234
959	66
961	880
465	98
101	919
308	568
54	184
36	661
145	203
385	343
864	476
38	464
272	978
140	107
864	980
809	116
606	116
899	960
564	473
338	762
419	383
834	472
724	874
427	197
377	371
414	537
575	370
978	854
223	604
653	252
852	191
287	39
292	668
551	591
83	92
817	881
712	503
112	244
277	1000
575	526
875	957
94	552
374	237
273	207
819	43
330	165
861	898
719	704
298	449
808	472
806	410
463	831
230	846
183	756
884	187
386	560
848	264
828	741
865	151
362	932
634	292
206	942
667	350
406	669
677	508
545	100
286	434
574	516
836	540
940	328
56	234
260	739
267	620
22	745
513	592
85	196
917	306
90	128
276	131
857	792
323	453
654	418
205	117
700	904
257	202
391	497
294	350
962	872
848	147
865	579
58	447
694	70
636	363
948	17
849	768
44	296
609	147
805	585
428	747
756	867
620	240
344	245
429	78
711	365
909	683
564	10
538	13
959	692
381	999
541	818
741	430
398	772
760	479
502	747
854	91
158	573
975	85
397	542
385	675
74	923
255	164
192	792
910	690
880	493
375	775
496	724
389	388
816	574
498	592
405	727
689	22
669	255
739	658
307	34
120	269
174	618
638	247
659	356
429	53
945	41
481	43
360	373
456	395
361	957
238	959
877	796
226	283
453	47
284	207
464	123
878	395
325	587
275	379
857	350
496	854
94	735
