150
300
495
452
399
555
391
461
439
475
455
478
537
527
527
459
392
506
418
527
514
386
447
449
448
391
541
536
513
511
425
434
477
431
543
392
419
383
381
414
405
404
460
556
393
535
382
437
418
435
512
563
380
393
553
429
557
423
507
556
426
555
455
530
396
529
461
470
455
385
435
514
427
430
417
540
533
387
431
450
430
509
445
434
434
448
509
448
406
494
434
515
383
486
496
531
405
400
415
487
508
505
505
497
461
394
517
515
439
478
492
398
463
502
401
552
547
521
564
538
479
536
492
479
529
386
462
456
441
416
442
423
418
410
472
479
388
534
417
438
539
531
501
419
426
534
529
489
412
403
515
1853
91	91
530	530
322	322
538	538
981	981
356	356
213	213
252	252
755	755
377	377
967	967
935	935
57	57
947	947
259	259
58	58
179	179
706	706
49	49
823	823
592	592
804	804
430	430
964	964
797	797
151	151
89	89
997	997
644	644
400	400
772	772
350	350
276	276
490	490
194	194
65	65
731	731
877	877
511	511
105	105
923	923
675	675
21	21
10	10
565	565
330	330
691	691
30	30
337	337
710	710
300	300
589	589
262	262
650	650
604	604
633	633
285	285
834	834
252	252
399	399
44	44
902	902
158	158
819	819
128	128
648	648
295	295
460	460
599	599
207	207
18	18
22	22
483	483
282	282
656	656
328	328
333	333
373	373
464	464
929	929
541	541
235	235
498	498
219	219
685	685
444	444
205	205
897	897
877	877
573	573
701	701
168	168
871	871
389	389
539	539
294	294
497	497
898	898
22	22
566	566
227	227
548	548
125	125
660	660
506	506
137	137
572	572
260	260
347	347
889	889
464	464
624	624
437	437
282	282
683	683
785	785
757	757
849	849
346	346
82	82
261	261
821	821
115	115
443	443
987	987
509	509
140	140
595	595
85	85
571	571
123	123
712	712
805	805
898	898
73	73
856	856
117	117
358	358
415	415
721	721
305	305
473	473
89	89
922	922
692	692
297	297
994	994
948	948
795	795
189	189
249	249
379	379
914	914
358	358
372	372
931	931
670	670
830	830
721	721
668	668
405	405
23	23
256	256
864	864
655	655
219	219
721	721
340	340
126	126
434	434
196	196
150	150
136	136
458	458
424	424
814	814
884	884
884	884
874	874
922	922
424	424
712	712
430	430
115	115
257	257
308	308
480	480
719	719
624	624
492	492
709	709
352	352
951	951
170	170
380	380
491	491
770	770
946	946
455	455
794	794
449	449
18	18
94	94
454	454
134	134
98	98
272	272
256	256
427	427
963	963
727	727
360	360
820	820
410	410
246	246
557	557
441	441
968	968
602	602
571	571
863	863
709	709
276	276
639	639
196	196
908	908
615	615
551	551
396	396
458	458
530	530
227	227
839	839
185	185
191	191
136	136
161	161
199	199
123	123
93	93
619	619
674	674
325	325
596	596
352	352
13	13
607	607
96	96
868	868
93	93
74	74
823	823
836	836
160	160
95	95
443	443
346	346
709	709
190	190
515	515
327	327
988	988
652	652
452	452
883	883
127	127
71	71
309	309
314	314
609	609
961	961
409	409
740	740
587	587
403	403
359	359
991	991
89	89
276	276
130	130
449	449
492	492
382	382
132	132
490	490
590	590
604	604
955	955
728	728
61	61
483	483
544	544
537	537
444	444
294	294
275	275
265	265
454	454
210	210
404	404
