90
180
475
533
458
412
535
452
590
485
425
579
513
507
432
456
451
454
476
453
609
486
502
524
558
444
598
423
533
474
525
438
560
423
429
497
586
522
507
532
432
428
472
452
556
500
531
415
513
514
537
617
569
501
478
532
414
512
416
593
465
610
474
412
464
603
510
441
566
553
454
560
412
575
505
535
544
566
480
512
584
566
465
461
432
573
586
597
541
482
471
1547
281	296
820	907
866	938
534	589
724	705
77	135
37	60
318	255
828	926
349	366
101	135
468	382
667	644
161	106
237	221
955	856
836	806
848	750
653	653
684	754
658	737
966	954
133	107
774	870
295	359
283	202
266	242
85	10
282	200
475	395
352	265
70	20
468	423
986	1034
834	895
189	114
139	130
447	490
586	681
302	209
331	328
538	551
541	524
312	225
982	1019
596	613
120	68
586	594
400	462
953	1049
136	40
995	908
746	747
645	656
608	599
608	664
95	10
23	81
888	850
835	738
694	716
649	558
455	498
623	611
504	511
171	149
621	708
718	706
656	654
740	789
635	606
921	999
167	202
721	695
251	183
971	950
949	924
658	695
258	340
645	721
350	275
76	88
487	576
311	282
656	558
611	695
276	354
35	31
35	34
549	608
45	77
269	174
864	888
614	630
771	823
558	468
140	107
885	958
936	843
36	109
975	979
57	98
732	775
271	171
617	578
290	247
495	554
984	1019
367	401
841	878
678	717
299	361
866	823
798	845
61	23
827	761
916	851
812	912
529	504
445	444
141	156
765	838
218	214
656	632
904	861
672	660
130	55
958	879
205	161
73	15
513	529
871	849
391	457
379	432
412	416
777	859
112	166
768	728
323	370
440	491
558	560
531	625
356	373
775	832
36	136
184	122
974	933
850	911
407	384
121	170
98	49
712	742
743	821
132	186
585	512
698	615
322	250
43	96
266	318
564	607
222	268
620	548
742	663
116	145
755	753
707	631
727	808
451	356
358	374
777	682
87	63
700	710
961	985
855	900
320	334
973	1019
524	534
111	15
864	933
893	817
