150
300
536
471
456
479
425
449
395
489
428
475
428
524
545
460
535
428
438
526
494
462
439
503
467
435
537
505
506
479
410
515
413
456
475
491
470
477
519
554
461
446
530
480
537
514
448
428
411
424
543
459
449
416
532
411
405
429
585
502
561
533
419
532
494
564
433
570
484
475
414
408
465
532
555
454
483
577
455
563
446
457
514
414
570
555
454
406
513
407
591
452
496
425
500
508
559
534
442
533
410
458
400
575
542
521
437
508
508
503
588
523
470
492
501
443
422
589
402
468
498
505
579
459
434
559
484
474
437
533
577
396
518
582
450
588
497
458
554
481
420
515
488
447
443
567
574
587
522
463
523
1502
114	46
670	756
751	816
493	496
24	90
910	955
437	340
94	73
483	435
407	344
669	662
238	246
547	561
690	673
411	425
251	151
734	718
881	823
328	370
438	416
103	168
741	667
524	501
318	290
586	517
93	117
249	325
23	118
286	317
926	850
39	16
334	322
903	945
42	42
411	415
864	808
346	433
193	269
862	841
150	112
800	703
579	536
718	720
701	796
313	345
17	32
420	423
418	364
251	272
382	470
68	137
239	300
681	597
847	755
183	84
101	102
401	456
920	941
871	879
589	670
536	488
115	45
992	1065
949	958
469	537
714	727
778	870
803	750
715	760
567	559
126	74
736	833
438	452
24	33
772	700
28	9
940	856
615	617
199	201
467	369
920	913
718	665
10	36
496	432
197	267
184	121
434	495
217	286
210	192
816	821
624	619
387	353
770	766
832	801
702	687
656	739
718	807
776	815
148	60
427	435
338	281
157	149
201	297
678	643
245	229
529	535
571	530
973	1008
799	703
452	371
706	769
234	193
738	751
622	632
862	802
20	7
445	528
329	385
857	768
670	644
852	873
351	380
715	631
155	197
968	884
252	301
641	689
542	471
464	558
139	191
558	583
333	354
996	930
27	114
364	393
791	757
161	117
761	742
347	279
590	552
440	529
903	952
430	334
299	392
835	750
437	514
721	730
661	643
737	660
355	364
357	326
874	961
804	867
484	558
969	1042
367	437
225	189
137	142
960	893
254	334
770	811
556	502
291	216
547	603
221	293
346	341
711	807
556	497
848	885
692	776
961	918
339	314
991	1043
667	716
436	371
887	919
763	711
659	738
405	319
231	290
33	13
318	242
867	921
40	26
111	63
804	895
251	318
200	296
137	173
286	308
463	447
268	362
151	239
346	366
645	632
648	667
530	547
493	485
631	570
348	420
360	394
339	240
123	64
12	84
49	14
851	938
39	55
67	97
158	232
46	92
32	69
322	304
116	31
465	388
369	308
30	107
291	378
963	1007
308	318
724	678
42	108
614	526
636	686
798	837
915	816
681	611
990	997
452	474
70	47
980	937
549	634
244	342
545	631
542	497
967	916
877	910
321	244
707	608
127	84
496	417
474	390
166	144
359	276
818	835
387	468
710	758
282	184
992	1044
613	579
83	90
511	430
565	553
993	1086
574	545
648	736
800	899
814	868
483	492
299	362
966	1048
294	360
798	873
35	109
872	911
689	759
950	890
640	585
19	37
578	609
191	138
420	382
43	9
427	428
81	5
646	583
374	399
572	494
695	613
614	598
787	729
562	474
665	698
347	399
212	224
135	83
619	556
46	59
925	827
852	804
948	851
341	427
653	666
309	409
678	632
150	194
758	707
102	90
700	697
795	792
558	568
