150
300
473
420
504
417
539
585
449
537
419
523
393
468
433
566
545
425
454
568
520
495
463
485
539
463
478
420
583
585
409
587
439
395
580
549
527
420
464
446
535
406
411
492
476
419
473
493
563
518
455
559
424
529
568
471
506
477
422
525
460
396
498
416
411
454
418
469
401
579
478
564
421
460
585
451
408
488
445
417
516
417
485
574
558
431
562
562
522
587
552
535
425
544
471
562
470
519
421
536
498
449
466
585
552
410
481
438
437
510
461
464
490
442
416
564
403
456
550
424
489
507
409
505
415
435
471
431
438
475
489
494
545
415
411
395
522
396
568
490
506
474
587
529
562
522
422
405
523
564
394
1614
614	604
804	811
483	138
981	580
657	857
297	297
911	617
795	5
758	670
25	668
848	992
567	190
539	652
183	347
492	433
456	238
188	893
295	893
604	457
654	487
483	107
661	799
353	730
597	744
318	551
972	162
654	586
538	380
419	754
361	970
426	785
294	289
746	399
184	128
127	767
757	873
378	7
46	9
257	987
989	892
454	780
112	365
337	973
59	708
38	407
437	840
386	246
416	632
707	867
311	845
357	402
810	450
238	31
692	414
566	237
985	33
562	215
302	885
656	331
877	359
929	811
122	110
426	350
544	940
769	103
347	627
584	452
693	873
386	945
576	527
130	702
823	462
858	847
10	51
290	122
745	389
97	838
616	420
178	82
307	293
208	212
656	619
923	379
256	671
392	887
352	651
677	895
707	580
540	963
375	287
858	420
683	565
923	889
839	201
423	411
685	946
646	202
183	220
530	473
504	244
382	56
116	347
926	473
213	194
614	221
129	736
905	584
757	456
215	730
339	910
791	751
708	259
41	377
417	87
314	861
757	935
913	788
849	199
486	610
933	985
147	108
678	103
795	654
401	645
101	962
412	491
746	968
564	537
807	874
765	436
160	495
369	728
727	715
133	46
723	396
725	345
809	176
222	811
924	885
10	517
228	250
807	983
772	908
608	420
833	195
137	970
844	703
776	480
312	533
79	57
59	902
454	1
672	577
431	381
530	983
209	399
543	624
243	378
202	869
430	27
290	374
982	953
994	333
801	455
195	306
644	351
844	415
227	625
87	295
698	52
674	403
667	28
497	182
715	461
314	130
715	815
832	345
690	139
329	145
227	324
667	466
305	145
183	673
312	994
891	914
179	89
460	745
421	12
959	618
281	576
177	651
197	648
514	110
982	69
318	883
60	936
74	437
210	607
229	627
219	60
460	82
513	316
880	130
527	366
60	694
274	786
871	608
19	565
729	196
571	314
285	507
414	706
491	83
285	232
991	445
352	182
304	48
67	812
712	124
223	747
520	769
935	716
405	392
175	478
389	571
581	464
577	193
707	299
130	796
891	772
395	743
617	361
573	890
873	914
748	744
894	986
270	803
29	245
524	382
155	708
818	194
850	135
449	565
327	947
805	801
365	4
233	121
756	468
661	521
639	749
626	454
60	20
843	820
173	814
158	863
215	215
536	163
852	432
976	696
938	57
659	920
324	192
281	627
874	552
522	454
735	702
13	471
494	496
36	675
323	815
920	644
112	134
735	173
883	787
288	640
278	445
186	579
296	695
87	757
184	69
407	31
59	716
330	921
971	631
109	826
322	735
358	677
628	474
857	680
749	887
189	903
340	337
371	264
440	594
219	224
46	346
932	662
378	456
57	454
564	120
