75
225
843
644
590
717
718
652
801
615
841
608
792
861
742
782
820
699
679
621
784
734
590
617
859
842
823
813
716
641
761
702
779
713
780
756
610
656
687
640
624
839
863
754
828
799
697
597
684
734
685
797
761
762
875
667
751
600
746
830
769
793
632
650
622
644
619
624
860
690
790
634
807
683
824
859
1215
501	418
443	537
943	870
991	1013
126	73
294	235
545	485
41	83
576	524
137	58
902	809
557	485
295	279
565	632
547	516
159	131
756	748
615	645
51	16
776	783
888	790
226	130
827	767
602	523
954	879
574	640
864	907
650	607
950	949
333	238
730	676
868	858
969	1042
294	338
970	884
409	357
796	870
91	102
834	794
622	698
213	130
779	781
34	99
637	731
493	577
291	223
511	608
548	536
295	238
720	817
206	158
369	317
716	779
332	358
435	514
637	723
527	445
985	1055
981	883
252	207
237	178
471	452
338	271
379	359
696	673
195	99
444	404
703	650
487	559
630	704
722	780
687	676
736	832
404	345
495	472
847	851
400	470
998	1050
160	244
187	209
995	946
887	802
702	796
965	900
774	676
633	645
242	206
316	369
443	464
456	503
748	744
242	200
970	937
115	194
28	81
358	361
646	678
236	152
295	305
212	163
822	767
86	139
744	703
622	622
73	131
354	303
245	211
716	678
712	621
63	20
981	1023
657	710
297	197
911	955
795	810
758	674
25	52
567	606
539	568
183	168
492	518
456	372
188	247
295	263
604	684
654	583
483	444
661	631
353	440
597	552
318	351
972	1018
654	637
538	601
419	464
361	276
426	462
294	281
746	803
184	201
127	115
757	821
378	279
46	72
32	131
171	81
14	72
337	250
59	48
38	10
38	113
309	372
758	673
912	936
980	1008
411	438
486	488
247	161
693	743
426	460
69	77
413	376
128	95
358	387
521	611
955	916
335	259
476	457
111	69
337	247
699	767
704	745
909	980
215	209
662	664
729	793
480	434
135	208
141	172
374	472
416	361
81	64
591	552
181	266
338	422
266	256
727	811
388	296
878	852
175	226
759	700
57	56
661	689
143	142
431	483
555	521
862	773
69	32
345	364
573	522
81	157
183	172
530	561
504	592
382	332
116	76
926	866
213	181
614	689
129	106
905	926
757	700
215	181
339	415
791	879
708	630
41	56
417	509
314	270
757	772
913	987
849	807
486	483
933	998
147	64
