150
300
614
445
474
581
499
424
521
584
544
581
555
516
518
504
487
440
472
584
486
490
470
601
524
535
496
427
567
500
492
550
529
506
533
423
542
503
519
521
480
528
514
415
445
537
515
577
605
580
554
489
583
434
434
493
526
586
419
610
565
487
600
459
529
519
604
558
462
462
414
477
552
466
430
595
421
526
590
461
427
496
415
603
417
470
479
522
496
606
530
428
493
518
426
526
476
539
608
417
481
464
534
512
557
587
443
557
573
491
584
540
446
436
434
459
590
489
422
489
567
519
469
497
539
563
588
607
452
532
465
526
499
455
525
495
470
578
438
427
438
537
474
452
460
528
587
423
472
447
574
1310
866	783
652	709
886	896
414	365
447	526
711	804
755	836
21	58
314	239
650	618
133	63
767	688
62	67
236	298
796	831
650	582
108	93
315	389
825	743
161	155
618	688
47	85
453	535
174	92
160	66
60	18
939	902
618	603
561	588
563	617
712	645
916	898
871	885
125	58
752	668
250	348
764	779
315	323
611	610
851	823
651	693
829	751
71	163
883	827
171	232
981	914
128	148
893	967
53	2
650	670
661	578
771	746
593	508
761	856
552	511
537	535
544	554
826	845
392	391
70	26
892	922
561	471
761	677
296	363
657	668
346	259
729	774
929	913
24	90
992	1071
609	690
969	946
503	533
71	90
656	664
946	956
609	685
753	812
911	861
643	651
362	358
132	220
387	343
776	852
81	119
554	652
698	797
399	457
797	740
383	423
515	483
766	703
996	1041
183	182
575	577
801	714
788	851
234	248
570	486
557	538
842	781
691	644
738	728
399	357
199	184
888	801
529	554
160	156
170	252
754	816
454	462
629	591
366	316
645	603
890	907
413	337
875	808
643	598
957	959
122	170
801	792
983	1049
754	844
549	602
313	351
367	302
829	918
851	914
574	475
613	645
66	20
469	369
771	736
867	869
862	906
685	706
695	622
512	601
995	1006
343	322
410	387
723	681
472	419
922	928
138	192
902	954
496	485
780	867
355	290
903	948
144	114
353	285
351	266
219	215
263	277
351	300
360	296
275	190
325	411
280	261
115	121
178	247
609	569
677	711
842	890
726	644
501	423
107	50
718	622
693	656
621	714
824	869
893	825
363	372
783	839
436	477
741	691
665	670
938	891
263	241
659	629
769	788
653	722
172	237
743	652
173	210
249	298
200	212
21	112
144	47
417	461
543	536
24	97
657	722
906	1001
402	359
311	404
963	1019
13	34
415	321
724	819
107	74
733	664
715	685
745	826
860	803
470	556
319	361
29	105
873	784
317	228
339	418
82	44
478	459
180	139
362	381
677	645
42	73
472	521
87	7
346	313
571	627
567	548
82	4
76	117
839	786
806	716
125	201
856	854
642	647
395	342
671	622
479	569
529	616
320	287
56	28
503	410
843	917
543	551
202	156
481	506
209	134
783	698
408	462
523	499
373	450
821	750
145	216
275	316
796	871
808	843
714	648
621	624
185	96
458	362
707	664
492	580
994	986
672	704
704	777
147	175
67	111
220	217
182	228
229	214
791	809
471	425
237	293
222	193
833	806
357	406
757	800
877	968
271	364
247	295
692	749
820	751
951	875
275	200
59	25
39	122
864	764
732	647
764	850
50	2
921	969
60	90
19	63
729	751
33	31
109	119
267	293
332	296
166	252
686	726
896	877
362	390
49	135
290	383
630	650
