90
180
562
499
498
589
528
481
474
558
436
576
419
444
401
418
403
505
581
450
483
509
594
591
467
459
548
465
590
557
522
556
562
460
504
514
569
413
516
414
451
552
568
558
496
419
551
576
592
551
507
513
517
530
423
401
468
437
497
427
536
405
474
588
471
439
576
498
449
400
532
431
430
500
464
438
536
512
419
445
545
545
440
475
445
494
451
444
547
403
486
1066
530	647
315	189
463	145
205	731
962	857
226	352
335	605
893	404
378	150
852	699
173	530
60	136
357	85
852	352
938	281
32	925
645	222
725	389
611	419
380	98
864	197
727	923
671	207
270	274
706	427
769	263
66	288
399	974
659	677
574	956
969	69
118	463
549	795
769	527
708	967
840	632
523	633
399	785
217	222
106	186
719	442
323	993
669	493
881	94
860	48
806	128
688	857
868	367
721	677
284	171
55	678
402	389
50	21
159	564
20	562
304	803
748	17
788	66
279	503
907	657
458	182
530	252
862	878
515	947
156	437
127	337
37	383
900	864
378	241
956	635
369	778
206	621
500	539
363	104
395	89
45	119
504	857
482	928
307	307
501	652
588	738
925	258
159	787
955	315
891	195
469	55
853	366
380	199
570	110
187	412
637	657
601	841
893	870
438	436
120	425
582	691
287	965
234	380
87	1
350	365
675	350
441	94
969	928
960	3
134	163
310	583
721	24
27	477
97	279
76	272
503	151
151	942
327	293
596	368
777	778
286	702
694	888
467	9
638	237
398	256
977	385
616	351
661	645
302	749
127	700
760	684
769	582
880	815
298	387
361	567
243	45
477	150
236	553
968	968
612	944
548	319
624	952
30	206
570	384
859	511
842	237
118	833
463	222
839	548
548	6
816	304
565	67
936	293
399	579
480	659
85	639
786	846
200	602
287	314
661	979
372	685
685	553
436	861
217	446
448	519
70	864
177	122
156	356
254	388
995	523
153	451
336	482
785	630
467	861
974	61
320	340
60	22
640	264
997	362
897	39
748	399
405	462
526	783
433	455
162	681
