150
300
499
501
393
398
579
441
402
547
408
508
482
394
568
524
549
571
467
401
430
426
510
440
414
508
534
401
499
401
419
506
562
467
430
474
537
428
484
429
570
419
574
569
392
438
405
579
574
444
498
507
405
466
390
441
419
547
439
480
507
579
549
567
420
456
442
484
417
444
547
549
503
507
485
525
514
411
451
535
427
427
488
478
479
576
408
440
524
436
462
449
538
553
390
405
535
434
582
557
435
556
481
559
518
433
432
394
457
404
493
582
429
516
575
572
497
450
521
525
428
576
440
467
403
457
517
575
419
503
467
392
501
431
574
413
438
401
557
460
535
435
397
473
479
495
399
544
465
503
555
1488
785	514
89	572
554	69
264	803
726	33
809	505
248	764
813	641
567	482
919	998
272	759
253	307
955	479
416	454
369	444
235	766
496	889
281	347
926	997
451	165
159	137
915	167
635	549
821	333
550	552
756	804
703	551
124	625
172	336
723	220
541	895
628	686
424	489
925	170
50	847
50	416
762	349
800	79
923	148
23	620
986	404
720	102
946	206
947	772
96	721
350	889
580	235
166	94
175	555
902	833
697	796
289	901
745	133
461	338
111	359
759	942
208	918
209	876
584	572
38	708
45	194
534	291
62	480
644	893
574	679
386	280
452	293
771	963
728	72
263	583
135	719
380	204
611	630
236	959
224	928
947	322
687	362
34	108
246	149
983	683
830	36
46	928
633	983
939	34
504	872
335	462
588	964
301	933
992	427
330	190
970	596
127	429
82	490
24	260
114	268
932	993
380	228
315	40
345	325
267	315
232	587
245	239
36	406
782	121
441	551
579	721
787	94
206	541
421	730
450	49
528	595
467	278
814	901
872	424
509	206
376	629
234	162
984	955
519	252
331	457
331	896
578	16
580	983
611	331
225	50
570	789
75	627
590	386
182	896
172	201
760	553
741	496
272	893
141	193
139	287
396	20
282	175
352	84
890	22
996	398
428	74
332	335
146	595
157	166
796	869
70	34
564	495
11	365
336	731
950	849
669	728
410	586
147	988
616	12
972	477
59	806
16	778
49	624
911	5
236	321
115	132
11	668
216	432
831	611
522	910
73	900
613	60
36	91
76	590
601	665
45	882
298	244
449	257
791	903
392	327
936	555
54	44
863	853
637	500
858	306
489	620
681	865
419	742
690	704
646	55
893	986
931	207
477	631
319	728
892	196
149	770
221	964
648	159
154	423
669	803
822	683
990	870
559	272
44	269
54	984
554	573
854	695
470	226
317	47
624	759
432	839
845	814
183	805
312	379
865	289
902	716
493	901
101	556
895	34
533	336
601	652
841	993
210	824
958	147
565	500
548	806
977	249
736	907
966	565
731	425
591	372
704	352
472	816
162	693
531	534
520	144
144	658
798	979
306	254
818	220
18	159
628	676
497	617
882	233
829	357
849	209
395	439
206	559
725	212
899	115
788	540
456	861
296	580
14	619
869	104
893	660
478	655
642	67
624	215
68	247
841	755
834	458
847	266
361	921
993	34
159	612
509	60
560	463
723	226
419	816
402	342
203	186
679	781
665	257
515	324
81	606
319	265
352	21
103	478
836	294
122	921
246	489
153	183
888	358
197	563
149	131
681	713
182	487
702	24
78	415
813	839
167	6
463	319
35	635
781	241
141	734
96	442
525	10
547	76
271	457
495	951
545	708
273	808
315	291
273	32
