90
180
569
496
493
549
531
501
453
442
499
424
491
603
464
628
537
476
604
605
514
522
467
631
526
521
589
524
556
435
429
530
435
522
437
459
470
447
550
513
583
594
537
572
586
502
581
490
480
475
526
554
601
462
425
534
628
555
545
496
580
523
522
607
425
489
631
577
464
474
466
546
479
570
549
451
464
626
627
529
428
515
552
596
448
447
497
456
441
572
550
1427
414	510
390	61
202	593
208	484
508	968
916	277
838	519
215	242
885	407
61	620
800	307
819	713
368	714
67	915
692	45
560	634
556	850
634	811
524	712
583	840
381	939
193	66
553	202
223	404
576	15
535	378
139	687
515	393
29	995
426	857
896	382
117	897
253	152
368	50
988	939
867	903
666	748
697	138
263	939
199	354
36	70
537	244
827	947
866	152
616	45
794	270
744	657
387	937
457	610
850	786
431	673
365	511
463	209
574	526
778	546
895	589
867	132
253	76
956	278
369	333
809	200
881	650
634	630
979	368
769	454
333	651
960	132
859	747
750	411
48	725
167	423
649	844
733	336
96	817
767	994
129	57
847	763
436	726
271	645
83	121
688	420
269	974
89	954
730	536
358	874
239	391
826	161
344	471
905	251
319	180
733	757
755	522
998	543
96	849
775	701
152	433
346	446
832	778
389	132
835	816
665	925
447	877
360	633
367	367
502	718
280	731
893	120
445	706
45	84
602	68
334	151
498	90
762	507
567	248
33	474
677	370
105	862
930	926
769	671
609	203
333	310
493	40
267	987
867	665
833	434
806	125
597	699
732	187
678	778
768	263
139	748
188	527
715	947
990	978
317	155
598	731
176	574
317	531
220	613
220	765
692	609
456	694
411	937
167	597
653	708
973	863
401	1
789	157
402	485
951	706
412	853
291	480
378	93
267	627
559	912
301	616
949	128
455	839
898	577
463	38
86	713
689	784
482	939
561	447
741	212
181	869
838	885
273	825
191	650
760	376
205	146
367	978
715	553
747	854
508	682
997	776
991	713
319	691
671	384
991	890
