90
180
467
498
461
553
521
580
580
465
552
481
554
452
422
505
450
543
502
569
412
571
432
428
607
445
521
442
534
576
444
457
559
518
447
419
452
601
587
519
484
553
449
585
606
429
429
445
456
428
512
489
547
614
483
469
421
609
583
423
609
513
415
542
570
468
584
464
552
462
493
437
524
463
506
514
495
446
484
495
416
545
423
440
526
593
491
509
617
588
433
1625
728	738
40	50
860	870
831	841
955	965
812	822
326	336
68	78
84	94
406	416
718	728
161	171
579	589
994	1004
268	278
405	415
626	636
221	231
556	566
129	139
691	701
547	557
783	793
729	739
249	259
962	972
251	261
816	826
775	785
818	828
477	487
230	240
309	319
941	951
194	204
738	748
232	242
888	898
605	615
261	271
429	439
297	307
766	776
897	907
330	340
916	926
110	120
186	196
967	977
721	731
479	489
566	576
796	806
928	938
905	915
638	648
939	949
736	746
668	678
67	77
500	510
139	149
76	86
745	755
487	497
837	847
922	932
660	670
665	675
99	109
443	453
730	740
185	195
754	764
140	150
325	335
197	207
56	66
54	64
197	207
71	81
960	970
29	39
180	190
79	89
492	502
903	913
66	76
739	749
328	338
540	550
401	411
952	962
999	1009
602	612
200	210
724	734
677	687
590	600
828	838
638	648
580	590
631	641
482	492
228	238
736	746
508	518
315	325
42	52
143	153
125	135
623	633
290	300
21	31
434	444
507	517
147	157
895	905
235	245
708	718
904	914
134	144
854	864
374	384
724	734
952	962
349	359
941	951
450	460
456	466
15	25
118	128
882	892
402	412
479	489
797	807
276	286
162	172
924	934
262	272
157	167
826	836
979	989
889	899
48	58
192	202
113	123
734	744
857	867
456	466
237	247
200	210
609	619
785	795
649	659
89	99
752	762
554	564
285	295
264	274
911	921
726	736
240	250
809	819
640	650
248	258
980	990
813	823
875	885
567	577
545	555
919	929
142	152
272	282
858	868
253	263
442	452
955	965
560	570
416	426
