150
300
448
450
588
417
428
483
590
583
531
473
522
481
489
457
572
451
429
591
594
562
579
484
566
562
539
557
466
486
548
575
434
429
442
418
548
400
524
504
544
419
596
436
399
404
426
506
526
509
487
452
426
559
410
435
466
554
419
428
514
419
413
506
425
401
424
517
433
461
565
480
467
528
433
442
491
590
441
438
484
596
544
458
450
550
425
473
453
583
430
435
476
439
536
490
558
430
568
586
487
561
500
597
555
486
483
587
538
454
533
418
519
586
417
467
467
427
511
435
447
454
593
492
580
422
592
405
568
488
466
430
537
593
556
412
521
528
541
466
461
533
584
438
556
412
464
428
459
412
570
1602
282	481
262	7
352	399
436	598
676	438
479	995
767	259
449	884
925	772
216	932
664	842
136	485
177	222
205	602
326	991
609	891
194	611
358	95
353	356
500	997
531	53
318	644
739	661
620	364
46	419
745	244
133	363
547	278
998	199
643	287
72	26
513	667
317	625
549	769
476	259
430	962
767	490
589	112
312	515
923	669
304	538
236	409
27	825
638	577
662	563
525	60
626	260
509	599
678	132
905	43
491	11
212	637
707	807
860	911
469	651
973	150
581	522
62	91
891	109
906	670
585	74
127	999
443	350
194	31
799	379
1000	535
796	773
982	150
761	929
135	921
842	160
413	375
784	707
906	91
993	423
821	757
434	363
155	250
396	279
185	523
45	23
838	692
369	496
611	310
711	963
887	551
764	848
771	663
920	836
970	503
219	694
746	790
836	470
689	556
260	56
936	850
121	360
720	329
930	389
833	443
308	883
865	111
325	387
371	480
300	990
738	328
999	411
880	401
796	77
384	957
311	408
755	470
788	557
386	792
927	684
441	22
524	841
363	674
51	170
672	41
251	729
327	559
578	549
528	438
280	269
47	397
526	160
955	359
51	494
71	792
297	636
46	503
513	862
37	985
296	77
727	547
285	179
950	858
789	645
681	502
474	545
118	580
519	319
701	635
973	389
306	873
661	293
161	95
522	146
840	546
63	851
872	340
143	951
478	418
197	258
315	103
814	39
346	882
596	758
117	939
965	399
74	947
433	192
272	148
37	996
389	999
899	189
26	53
722	219
55	800
837	669
420	971
835	527
842	671
702	69
151	823
316	791
763	686
639	429
693	768
557	661
432	278
154	347
114	694
972	104
264	627
546	22
634	816
107	194
166	987
484	635
665	591
665	771
231	434
756	355
649	273
974	796
301	457
630	67
51	328
72	133
133	890
895	876
757	800
542	96
343	630
84	97
624	460
781	651
531	296
219	579
320	665
81	626
557	135
1000	888
509	393
341	707
46	879
911	655
426	298
57	1000
725	304
469	654
549	164
520	688
442	278
884	37
714	927
69	622
465	47
496	904
272	851
298	633
816	249
382	273
103	133
895	243
167	241
263	227
200	353
962	242
830	917
471	616
889	258
989	593
387	995
37	932
866	572
479	360
713	720
779	895
217	115
249	872
732	42
631	63
32	657
313	616
210	117
171	532
727	540
343	755
251	610
177	579
684	950
789	743
221	844
107	484
108	499
688	808
150	905
461	131
464	694
972	987
370	615
879	258
942	636
623	499
285	356
54	478
260	287
111	47
515	309
296	789
996	221
728	378
285	328
259	727
829	223
421	402
555	977
218	522
226	626
522	322
351	65
551	284
758	105
534	176
890	563
544	53
43	505
