45
135
667
963
741
887
778
877
724
906
867
731
768
801
821
800
798
942
869
702
926
712
805
817
914
672
922
700
930
657
868
868
862
819
767
669
958
743
654
684
732
785
695
796
803
658
1713
252	262
511	521
587	597
70	80
636	646
759	769
439	449
849	859
356	366
315	325
469	479
150	160
435	445
282	292
457	467
734	744
431	441
134	144
337	347
991	1001
623	633
210	220
174	184
958	968
458	468
494	504
151	161
772	782
709	719
633	643
213	223
359	369
351	361
877	887
969	979
667	677
408	418
770	780
693	703
799	809
395	405
972	982
919	929
709	719
736	746
224	234
917	927
658	668
499	509
792	802
180	190
88	98
890	900
104	114
104	114
402	412
775	785
749	759
58	68
212	222
203	213
106	116
776	786
837	847
252	262
851	861
691	701
977	987
703	713
499	509
906	916
890	900
436	446
499	509
863	873
525	535
951	961
460	470
934	944
605	615
389	399
601	611
262	272
566	576
904	914
459	469
673	683
520	530
809	819
591	601
351	361
125	135
315	325
595	605
647	657
367	377
842	852
273	283
947	957
593	603
422	432
530	540
448	458
627	637
762	772
486	496
559	569
536	546
962	972
936	946
266	276
306	316
43	53
382	392
899	909
814	824
806	816
586	596
509	519
935	945
104	114
598	608
679	689
840	850
387	397
179	189
364	374
447	457
796	806
345	355
54	64
796	806
748	758
689	699
45	55
