150
300
552
591
432
439
459
592
457
564
431
427
547
503
564
602
553
587
437
434
578
583
567
474
448
569
558
537
562
503
489
515
571
596
562
478
504
463
557
499
418
450
426
498
494
597
463
411
404
570
560
546
505
435
530
449
456
457
486
482
515
472
483
494
429
464
427
521
480
535
555
512
488
509
504
519
433
570
418
545
456
597
464
596
484
532
556
484
573
471
424
557
443
515
410
504
573
598
597
599
473
406
491
548
471
551
424
470
599
415
500
496
506
440
496
511
466
590
531
452
549
456
454
408
465
568
417
465
528
540
484
462
498
498
591
483
426
459
564
470
410
415
437
453
415
433
453
467
419
555
533
1443
642	652
474	484
518	528
451	461
173	183
968	978
825	835
252	262
13	23
23	33
86	96
893	903
565	575
18	28
539	549
216	226
577	587
426	436
618	628
203	213
656	666
433	443
115	125
345	355
921	931
725	735
532	542
995	1005
257	267
87	97
473	483
105	115
801	811
998	1008
614	624
363	373
488	498
784	794
536	546
664	674
139	149
968	978
464	474
540	550
460	470
646	656
1000	1010
568	578
315	325
200	210
823	833
142	152
288	298
132	142
586	596
132	142
455	465
803	813
214	224
806	816
809	819
312	322
613	623
933	943
49	59
29	39
439	449
79	89
787	797
744	754
973	983
360	370
711	721
308	318
709	719
38	48
128	138
733	743
615	625
101	111
617	627
789	799
171	181
385	395
189	199
509	519
983	993
90	100
752	762
836	846
230	240
518	528
193	203
439	449
687	697
386	396
799	809
823	833
729	739
753	763
839	849
748	758
196	206
215	225
108	118
993	1003
31	41
701	711
56	66
266	276
737	747
967	977
249	259
213	223
706	716
682	692
838	848
653	663
140	150
810	820
239	249
61	71
898	908
370	380
994	1004
971	981
247	257
798	808
87	97
258	268
78	88
471	481
646	656
133	143
853	863
536	546
572	582
654	664
778	788
703	713
898	908
261	271
244	254
789	799
654	664
95	105
738	748
490	500
769	779
13	23
491	501
405	415
878	888
451	461
585	595
438	448
83	93
723	733
532	542
966	976
920	930
668	678
279	289
191	201
439	449
184	194
79	89
147	157
85	95
656	666
442	452
37	47
697	707
111	121
552	562
532	542
266	276
830	840
525	535
286	296
987	997
853	863
13	23
323	333
635	645
646	656
666	676
762	772
574	584
462	472
104	114
117	127
993	1003
384	394
187	197
835	845
880	890
437	447
654	664
215	225
427	437
811	821
316	326
840	850
701	711
170	180
606	616
658	668
131	141
407	417
424	434
385	395
751	761
841	851
82	92
330	340
149	159
838	848
695	705
359	369
924	934
194	204
201	211
751	761
739	749
152	162
541	551
127	137
747	757
527	537
703	713
226	236
174	184
831	841
929	939
859	869
474	484
30	40
963	973
812	822
999	1009
412	422
697	707
74	84
539	549
718	728
724	734
817	827
888	898
128	138
992	1002
61	71
745	755
89	99
703	713
970	980
429	439
419	429
260	270
905	915
240	250
383	393
34	44
222	232
579	589
860	870
797	807
51	61
800	810
442	452
566	576
269	279
676	686
154	164
709	719
462	472
74	84
463	473
538	548
360	370
983	993
954	964
122	132
540	550
79	89
484	494
737	747
37	47
165	175
280	290
150	160
626	636
778	788
898	908
934	944
613	623
812	822
939	949
323	333
984	994
