90
180
405
519
448
492
529
560
440
557
549
468
452
495
408
476
541
495
445
482
560
585
487
444
408
512
557
450
458
565
453
497
469
427
484
463
537
442
422
467
440
505
452
522
448
496
408
577
492
535
470
585
441
481
411
590
463
403
431
452
561
403
468
521
544
542
436
450
522
557
520
552
414
515
414
452
465
445
581
418
561
561
561
474
423
444
396
487
551
565
424
1206
798	719
691	739
308	211
369	430
667	713
425	395
440	491
646	571
63	78
704	669
547	635
523	590
288	255
844	833
352	420
146	98
127	153
236	259
776	771
121	72
67	107
10	99
346	416
534	609
290	282
72	82
199	149
835	854
387	484
111	86
887	888
903	921
594	558
730	824
772	825
337	421
586	604
820	891
569	593
842	813
241	294
876	800
540	577
562	532
615	592
691	711
219	190
101	137
686	611
35	59
497	417
284	325
917	974
78	146
279	184
706	730
611	617
386	383
149	115
770	731
975	902
944	947
554	565
356	317
279	334
891	917
218	311
91	117
835	770
846	872
893	968
129	169
272	177
751	707
755	746
107	191
576	670
361	334
865	907
831	801
36	110
134	58
548	648
273	371
763	735
665	605
27	105
202	152
363	273
203	284
289	259
608	511
857	905
299	344
769	734
115	168
148	110
345	340
728	783
710	702
81	154
649	648
843	918
765	753
94	44
148	164
24	98
878	963
587	675
798	892
172	90
538	613
863	821
532	602
358	351
392	300
717	667
823	778
917	874
367	402
427	403
965	959
598	593
618	584
950	892
809	760
997	938
633	591
944	860
463	417
64	130
981	899
268	204
55	11
65	156
199	190
295	304
73	105
828	797
962	939
829	741
670	660
70	158
762	773
88	53
907	948
637	689
309	396
584	613
200	290
300	258
477	515
304	375
309	288
948	1025
356	334
585	669
31	31
288	254
832	877
186	217
189	215
207	256
684	769
845	936
978	953
749	799
53	143
803	797
74	80
517	480
872	802
792	714
54	29
751	722
753	710
78	119
405	439
331	250
604	610
