75
225
646
812
685
601
824
638
654
657
747
791
597
735
834
619
608
768
855
620
840
851
634
772
879
616
635
665
839
837
647
836
601
741
688
884
751
696
819
718
703
668
604
715
744
763
702
701
771
674
867
690
776
637
864
663
778
722
824
639
647
735
635
872
784
752
765
881
685
748
606
618
605
593
824
605
1957
345	355
146	156
187	197
51	61
50	60
298	308
519	529
735	745
843	853
345	355
292	302
393	403
634	644
149	159
618	628
742	752
247	257
251	261
260	270
370	380
339	349
40	50
274	284
555	565
125	135
384	394
935	945
473	483
660	670
916	926
176	186
455	465
26	36
197	207
946	956
369	379
215	225
58	68
977	987
59	69
360	370
320	330
683	693
711	721
212	222
730	740
120	130
537	547
600	610
830	840
201	211
591	601
264	274
605	615
385	395
597	607
377	387
398	408
19	29
741	751
944	954
618	628
779	789
755	765
523	533
837	847
78	88
988	998
593	603
272	282
710	720
318	328
735	745
822	832
614	624
935	945
323	333
73	83
665	675
386	396
17	27
53	63
515	525
727	737
958	968
941	951
35	45
384	394
292	302
893	903
638	648
612	622
694	704
891	901
966	976
993	1003
240	250
382	392
58	68
503	513
770	780
853	863
304	314
810	820
891	901
197	207
766	776
282	292
547	557
431	441
585	595
14	24
253	263
52	62
289	299
682	692
539	549
20	30
652	662
853	863
824	834
657	667
418	428
403	413
600	610
666	676
439	449
345	355
254	264
684	694
547	557
384	394
499	509
825	835
47	57
938	948
577	587
716	726
860	870
840	850
827	837
257	267
90	100
761	771
786	796
483	493
494	504
583	593
330	340
815	825
195	205
69	79
451	461
295	305
188	198
11	21
785	795
891	901
453	463
74	84
489	499
323	333
55	65
150	160
691	701
367	377
786	796
664	674
169	179
128	138
652	662
636	646
476	486
151	161
489	499
173	183
925	935
769	779
411	421
138	148
35	45
712	722
353	363
817	827
524	534
906	916
675	685
417	427
679	689
762	772
775	785
213	223
700	710
426	436
294	304
944	954
832	842
684	694
763	773
315	325
10	20
43	53
921	931
634	644
894	904
747	757
73	83
447	457
677	687
895	905
87	97
266	276
578	588
105	115
80	90
964	974
310	320
321	331
663	673
523	533
805	815
565	575
810	820
900	910
282	292
