150
300
499
484
440
432
537
541
522
396
411
542
439
500
402
487
528
521
497
560
384
410
408
490
448
525
423
456
523
385
464
446
402
497
561
392
432
540
544
559
480
419
391
520
558
434
434
573
491
418
422
399
421
478
437
540
470
389
399
414
540
464
539
437
425
437
454
422
444
459
411
547
400
558
533
461
531
485
561
503
409
386
390
557
530
394
473
564
505
470
428
532
463
441
472
404
520
483
539
453
452
390
499
514
512
439
492
565
462
470
566
477
450
561
506
399
431
486
558
443
402
456
424
561
396
516
560
484
406
453
472
557
560
404
400
530
538
388
565
457
519
525
554
504
527
503
490
447
420
505
540
1288
416	426
403	413
862	872
548	558
351	361
192	202
261	271
200	210
747	757
827	837
238	248
430	440
504	514
669	679
729	739
593	603
359	369
608	618
44	54
29	39
79	89
544	554
820	830
536	546
60	70
402	412
91	101
383	393
26	36
253	263
349	359
859	869
629	639
97	107
638	648
129	139
889	899
915	925
972	982
962	972
117	127
632	642
589	599
659	669
112	122
204	214
22	32
279	289
204	214
386	396
968	978
496	506
242	252
301	311
131	141
368	378
723	733
298	308
212	222
308	318
683	693
992	1002
555	565
628	638
338	348
389	399
560	570
863	873
288	298
17	27
793	803
139	149
981	991
131	141
955	965
642	652
272	282
182	192
160	170
103	113
136	146
381	391
407	417
989	999
862	872
60	70
815	825
863	873
493	503
905	915
468	478
93	103
775	785
305	315
598	608
454	464
187	197
343	353
793	803
125	135
871	881
832	842
216	226
932	942
142	152
459	469
310	320
486	496
920	930
129	139
309	319
120	130
187	197
892	902
760	770
651	661
874	884
562	572
844	854
252	262
781	791
965	975
870	880
163	173
221	231
547	557
621	631
173	183
521	531
506	516
950	960
807	817
964	974
455	465
830	840
696	706
779	789
10	20
500	510
994	1004
175	185
205	215
728	738
553	563
883	893
605	615
37	47
244	254
44	54
536	546
465	475
959	969
653	663
638	648
12	22
641	651
96	106
998	1008
70	80
456	466
994	1004
799	809
605	615
550	560
909	919
107	117
554	564
914	924
750	760
646	656
167	177
557	567
817	827
728	738
53	63
860	870
275	285
676	686
368	378
232	242
346	356
592	602
291	301
556	566
725	735
579	589
484	494
234	244
323	333
775	785
739	749
348	358
99	109
452	462
92	102
661	671
157	167
778	788
642	652
264	274
393	403
759	769
696	706
244	254
105	115
735	745
258	268
602	612
873	883
583	593
292	302
650	660
621	631
53	63
108	118
740	750
64	74
686	696
548	558
323	333
61	71
18	28
621	631
979	989
527	537
242	252
573	583
98	108
169	179
322	332
471	481
428	438
410	420
958	968
265	275
757	767
24	34
283	293
381	391
429	439
857	867
230	240
424	434
377	387
863	873
389	399
65	75
403	413
214	224
426	436
283	293
74	84
353	363
618	628
57	67
604	614
645	655
259	269
864	874
370	380
333	343
654	664
833	843
478	488
409	419
362	372
789	799
521	531
677	687
319	329
15	25
233	243
887	897
942	952
950	960
768	778
107	117
791	801
608	618
583	593
306	316
554	564
463	473
77	87
360	370
469	479
738	748
749	759
497	507
25	35
607	617
832	842
259	269
485	495
836	846
510	520
102	112
437	447
49	59
570	580
