75
375
1104
1385
1243
1139
1144
1278
1151
1479
1212
1448
1051
1243
1325
1075
1105
1525
1155
1198
1105
1534
1291
1308
1518
1339
1483
1294
1371
1249
1124
1228
1111
1043
1271
1404
1448
1198
1525
1173
1081
1544
1410
1239
1133
1217
1307
1134
1168
1541
1329
1096
1187
1283
1173
1258
1417
1220
1206
1163
1151
1299
1105
1396
1361
1266
1479
1172
1041
1387
1063
1106
1221
1171
1335
1151
3586
51	61
639	649
398	408
744	754
350	360
869	879
587	597
629	639
215	225
690	700
760	770
407	417
498	508
981	991
61	71
501	511
32	42
60	70
873	883
491	501
689	699
740	750
939	949
163	173
302	312
500	510
584	594
888	898
899	909
85	95
502	512
925	935
907	917
647	657
888	898
102	112
902	912
543	553
198	208
985	995
965	975
37	47
611	621
613	623
836	846
710	720
286	296
784	794
515	525
932	942
782	792
897	907
960	970
64	74
227	237
977	987
805	815
832	842
782	792
788	798
434	444
72	82
398	408
861	871
298	308
386	396
131	141
33	43
445	455
856	866
699	709
31	41
44	54
793	803
596	606
495	505
151	161
390	400
619	629
585	595
810	820
741	751
310	320
144	154
928	938
949	959
21	31
449	459
67	77
552	562
107	117
737	747
852	862
432	442
592	602
737	747
272	282
110	120
146	156
695	705
879	889
404	414
685	695
929	939
912	922
30	40
113	123
334	344
962	972
594	604
76	86
16	26
177	187
253	263
334	344
884	894
30	40
718	728
152	162
666	676
212	222
417	427
252	262
808	818
563	573
993	1003
872	882
719	729
77	87
170	180
603	613
169	179
104	114
923	933
102	112
467	477
396	406
471	481
179	189
446	456
602	612
405	415
15	25
483	493
90	100
991	1001
507	517
849	859
447	457
760	770
486	496
181	191
759	769
157	167
567	577
439	449
910	920
889	899
934	944
674	684
573	583
423	433
877	887
727	737
747	757
547	557
848	858
87	97
639	649
576	586
391	401
125	135
465	475
129	139
642	652
247	257
601	611
416	426
849	859
710	720
363	373
780	790
63	73
27	37
662	672
200	210
964	974
825	835
299	309
477	487
765	775
38	48
874	884
691	701
970	980
449	459
446	456
681	691
30	40
605	615
445	455
689	699
116	126
614	624
790	800
304	314
673	683
845	855
15	25
583	593
288	298
117	127
899	909
907	917
134	144
1000	1010
232	242
675	685
130	140
479	489
803	813
606	616
585	595
594	604
521	531
435	445
585	595
682	692
770	780
977	987
934	944
426	436
770	780
988	998
271	281
410	420
662	672
839	849
710	720
410	420
102	112
405	415
362	372
928	938
40	50
255	265
996	1006
105	115
337	347
620	630
356	366
662	672
498	508
245	255
518	528
854	864
606	616
932	942
56	66
695	705
149	159
332	342
70	80
435	445
89	99
296	306
422	432
823	833
121	131
754	764
594	604
738	748
154	164
615	625
130	140
812	822
628	638
538	548
202	212
122	132
33	43
824	834
528	538
880	890
400	410
577	587
57	67
685	695
408	418
385	395
341	351
715	725
879	889
974	984
923	933
221	231
215	225
182	192
956	966
352	362
166	176
618	628
396	406
954	964
624	634
655	665
471	481
703	713
514	524
603	613
425	435
232	242
917	927
790	800
293	303
541	551
433	443
240	250
841	851
647	657
757	767
600	610
56	66
76	86
203	213
412	422
334	344
606	616
548	558
259	269
714	724
436	446
573	583
969	979
286	296
810	820
605	615
861	871
841	851
381	391
359	369
581	591
474	484
243	253
922	932
908	918
851	861
144	154
359	369
18	28
583	593
739	749
863	873
244	254
491	501
190	200
413	423
412	422
202	212
189	199
590	600
640	650
282	292
566	576
162	172
858	868
536	546
683	693
416	426
214	224
398	408
781	791
791	801
839	849
313	323
