75
225
867
662
802
763
664
853
708
698
788
759
647
655
678
833
911
721
686
735
661
645
919
785
639
762
941
841
926
784
782
830
819
853
904
790
700
902
641
811
948
673
926
671
938
671
655
890
871
761
643
810
763
674
915
670
875
665
906
682
771
707
805
690
813
817
681
755
638
917
882
827
778
705
946
840
1902
53	64
295	889
346	763
397	954
868	450
527	850
935	136
580	524
140	267
925	415
973	607
52	529
39	195
94	663
12	581
885	419
464	434
777	917
56	385
650	254
922	697
212	784
699	863
872	418
556	917
98	363
607	887
549	644
92	439
249	635
722	372
973	61
279	687
907	636
654	142
241	34
998	4
683	804
824	440
520	402
760	285
722	878
710	754
905	51
561	779
265	368
198	752
785	109
421	605
153	341
270	226
965	405
988	979
179	996
457	594
353	323
73	763
267	495
915	665
189	525
268	815
14	501
873	866
11	458
395	421
861	273
303	197
419	40
686	446
142	553
361	189
966	822
560	423
400	855
360	978
213	331
838	59
592	83
716	224
947	493
797	815
976	543
536	911
597	634
776	445
264	610
604	617
479	563
289	322
837	774
721	583
440	828
33	544
156	570
907	172
639	389
205	220
202	368
383	56
351	372
789	928
271	408
632	638
677	233
135	962
536	707
874	734
964	329
273	980
992	521
145	884
724	579
931	746
584	212
354	688
90	998
350	367
119	898
314	612
141	777
14	65
601	287
121	521
653	473
46	296
791	440
594	602
559	55
364	187
368	338
592	927
912	279
708	683
854	601
83	195
987	930
670	565
319	481
372	94
793	389
780	637
56	705
692	701
63	528
554	854
743	722
549	725
647	704
235	706
781	516
408	179
939	685
699	848
993	202
731	975
581	996
634	593
644	97
359	852
776	271
739	738
349	445
104	402
659	856
113	558
287	213
596	885
526	825
711	281
325	769
732	979
771	471
772	741
609	811
872	561
171	579
920	49
772	531
558	806
961	808
562	269
912	737
124	767
839	391
162	912
12	375
469	58
632	550
343	338
951	677
962	699
975	4
998	210
786	875
535	458
403	887
453	89
334	706
813	578
562	215
453	772
798	852
268	228
321	688
312	623
120	167
781	434
928	892
773	861
389	14
278	868
253	982
801	480
427	448
24	207
254	384
844	111
878	975
885	801
558	670
490	51
438	162
781	302
311	73
15	322
