150
300
427
595
461
605
410
435
577
556
588
553
455
585
418
441
561
511
480
527
433
412
490
445
523
582
421
550
494
450
546
559
566
521
539
513
539
531
465
445
501
456
582
438
491
566
476
449
460
492
505
505
597
586
530
432
589
416
487
489
421
592
486
471
414
591
580
544
597
555
568
608
441
411
553
439
428
432
578
501
437
435
484
596
605
584
543
452
541
491
552
490
594
507
488
586
526
445
516
466
526
435
412
412
580
440
567
586
532
455
558
427
536
448
565
599
479
432
541
524
509
469
429
459
523
587
528
426
549
607
475
452
460
548
465
409
522
510
591
522
418
505
498
455
462
557
597
481
433
499
466
1187
910	964
533	618
411	372
888	927
19	118
772	779
855	769
443	473
383	308
757	742
424	488
306	346
649	624
966	907
351	260
610	558
820	860
831	908
199	111
369	359
520	428
993	1023
78	138
717	682
305	231
396	478
325	419
855	776
156	153
385	363
462	387
180	212
320	302
429	514
634	731
252	341
892	839
946	934
58	11
320	319
904	995
838	751
965	1001
331	255
34	124
899	866
487	430
365	410
121	214
364	300
908	818
70	165
430	417
129	143
762	705
42	111
19	109
118	151
94	9
533	473
723	639
74	108
802	708
854	817
709	736
726	715
906	866
681	696
99	148
858	769
440	450
697	770
657	751
268	200
270	236
452	539
113	59
336	273
134	125
196	213
639	661
374	394
691	627
921	961
531	623
375	430
834	815
579	531
239	235
405	316
804	818
138	61
854	779
709	673
89	99
254	295
757	854
569	621
736	719
530	563
52	22
168	253
414	352
584	571
853	795
111	34
768	767
925	882
453	538
529	558
746	812
26	28
630	643
631	728
73	116
987	963
692	765
266	270
889	953
837	833
248	347
334	350
186	252
124	206
178	139
88	37
230	141
611	657
498	412
785	704
813	729
867	769
668	753
539	607
351	299
966	1065
500	437
84	134
226	296
458	538
662	624
871	783
933	922
485	552
148	219
984	917
936	1027
36	4
689	688
698	743
19	12
52	123
656	756
226	167
128	206
559	609
286	256
478	436
755	742
400	343
265	316
854	812
556	506
246	240
714	737
89	82
193	260
532	594
75	4
915	859
846	797
799	856
728	753
915	1005
839	819
322	376
62	143
403	382
590	669
382	298
451	437
675	626
956	896
729	671
327	344
734	702
588	508
138	168
520	501
28	120
681	713
733	640
361	382
524	576
477	478
884	906
640	564
467	525
304	286
977	880
772	867
874	824
180	164
672	714
41	10
486	440
273	200
387	378
902	866
478	438
766	789
266	229
585	630
797	842
462	450
937	866
674	696
844	751
945	902
305	240
757	815
303	230
238	297
909	862
667	593
152	98
712	785
112	85
944	1004
389	488
513	475
172	128
518	483
648	567
873	950
10	35
895	836
965	1004
854	888
718	761
591	526
74	166
589	624
492	512
443	520
105	29
62	154
954	983
587	528
820	815
597	562
712	684
144	122
432	335
528	541
173	140
427	329
551	588
110	26
21	92
412	318
569	485
34	57
814	839
466	449
957	940
793	820
739	654
258	166
286	187
334	400
553	631
573	481
181	279
820	766
683	583
242	226
826	822
411	404
23	109
390	333
490	419
218	231
499	488
902	965
816	718
446	368
380	441
390	462
866	940
740	769
626	724
306	279
555	609
293	313
718	772
29	1
393	393
978	966
434	346
