75
375
1001
1126
1373
1203
1304
1162
1383
1056
1099
1119
1303
1402
1218
1240
1109
1141
1151
1378
1443
1385
1351
1420
1352
1148
1219
1013
1021
1153
1363
1121
1493
1070
1024
1254
1135
1488
1340
1184
1277
1023
1081
1165
1365
1157
1384
1423
1015
1428
1247
1200
1481
1367
1414
1012
1302
1265
1179
1428
1062
1213
1184
1430
1156
1475
1002
1127
1432
1346
1004
1405
1346
1237
1289
1424
1413
911	956
523	492
133	40
215	297
647	621
131	111
887	894
749	682
616	549
633	644
788	717
616	623
62	130
788	710
125	153
190	100
548	546
167	139
238	267
695	613
77	49
435	408
864	957
784	726
706	611
657	691
838	890
78	25
388	421
454	498
618	523
326	397
458	534
642	714
750	775
793	879
849	812
815	767
741	802
159	224
747	756
646	566
929	959
519	537
587	640
720	745
707	638
762	838
672	617
10	92
186	108
384	441
269	334
870	912
282	381
384	371
451	392
763	689
668	732
345	399
490	400
625	527
324	332
457	520
961	890
952	939
323	365
969	872
329	257
56	141
203	241
382	399
434	447
588	616
631	536
190	167
110	57
269	222
770	755
166	79
998	917
191	106
993	1060
653	696
693	662
173	182
727	665
892	920
418	507
196	100
703	663
652	744
548	588
47	10
263	214
547	461
553	500
889	983
346	262
351	421
991	915
150	176
655	566
440	340
222	203
752	677
468	535
913	815
955	953
589	579
168	197
903	843
422	425
364	407
262	224
679	673
758	848
399	469
273	178
99	11
560	603
746	705
73	56
741	812
337	421
945	934
63	82
400	498
614	657
699	777
162	227
481	514
229	272
253	226
471	510
195	241
11	16
12	50
84	69
368	286
168	236
213	293
964	905
221	242
536	513
560	479
37	124
686	613
298	235
431	423
94	87
111	99
504	500
354	371
557	580
751	793
958	878
135	65
234	269
786	846
392	470
179	164
333	356
341	441
940	1013
322	329
755	738
55	146
715	715
830	895
781	690
949	893
995	1015
959	1018
851	841
24	101
316	271
820	764
816	798
367	450
933	961
395	490
454	387
16	25
268	280
743	788
100	14
982	1070
878	904
749	678
450	367
779	753
215	295
695	635
676	618
388	433
965	968
228	237
281	375
214	209
779	777
318	413
922	904
189	223
607	654
629	599
566	501
467	392
800	782
158	197
26	87
858	909
619	630
424	507
563	466
45	144
833	916
501	579
255	309
197	207
812	819
688	753
941	852
588	590
301	381
330	406
204	104
195	165
256	165
358	300
164	214
56	89
149	196
674	616
71	56
833	866
376	287
183	173
736	729
482	529
481	430
229	236
212	252
364	394
36	132
652	599
699	760
811	724
942	928
891	962
385	443
898	892
238	323
138	79
796	858
303	322
438	476
185	85
156	107
543	457
586	539
130	183
36	53
694	744
795	779
944	938
711	705
171	222
322	265
662	598
212	242
339	323
906	969
736	706
845	877
748	698
213	136
635	579
321	318
271	288
204	187
430	519
720	638
890	834
906	951
871	892
997	1056
825	888
189	147
33	72
668	681
54	97
195	96
882	833
853	923
932	870
631	683
968	962
357	381
48	38
39	138
867	850
803	748
228	271
980	991
525	434
366	433
836	863
272	246
570	667
392	375
443	537
875	967
545	521
50	114
886	898
740	738
933	864
749	712
147	242
978	1018
461	361
711	707
233	289
243	166
43	136
161	140
536	480
396	401
147	67
761	697
189	104
877	860
770	788
857	953
50	122
47	5
534	510
632	587
111	136
657	724
702	785
442	516
599	548
528	445
947	1038
275	278
425	515
18	39
747	740
492	496
12	20
580	634
524	492
207	244
285	218
568	646
605	644
698	677
642	548
642	584
440	537
299	307
25	87
440	510
329	414
921	899
759	720
540	533
382	353
301	267
774	761
260	162
462	369
306	262
