75
225
690
861
821
741
666
627
594
789
586
768
591
834
648
797
716
823
604
586
846
654
856
851
817
807
804
722
648
833
602
632
758
810
611
606
609
637
672
704
761
750
620
682
645
678
766
600
732
835
667
617
819
595
633
716
652
635
829
752
815
794
836
817
817
774
596
587
658
774
757
755
844
657
589
860
1096
144	657
600	610
138	321
494	225
881	997
980	165
907	531
948	32
528	842
311	532
968	463
974	19
277	821
356	735
238	445
821	436
746	79
105	101
946	264
438	188
64	460
627	910
105	325
300	222
134	556
600	65
202	128
638	251
825	317
247	239
416	311
414	404
556	287
170	894
769	477
656	683
657	943
784	232
805	576
848	498
207	820
39	257
509	851
808	777
60	581
311	300
699	109
593	237
204	25
379	966
50	928
122	212
477	117
472	9
636	355
401	818
303	194
577	922
269	1
178	671
205	484
606	788
285	1000
467	79
151	132
157	667
124	690
349	185
340	447
787	874
495	375
103	512
475	493
101	22
999	890
906	141
215	82
166	792
584	247
307	906
238	169
806	335
577	243
177	768
309	956
680	835
388	988
534	435
673	557
426	499
352	165
626	385
660	65
832	312
262	291
14	758
264	487
625	56
297	475
923	35
473	621
986	189
420	953
725	578
223	251
231	283
240	418
306	276
824	534
383	637
996	748
719	43
334	463
787	600
988	144
302	353
366	281
522	910
993	207
68	231
267	463
144	749
562	882
226	214
682	691
659	429
725	569
12	698
578	264
253	646
876	957
228	689
211	193
850	423
626	21
303	817
722	104
627	720
524	197
297	967
710	224
101	642
529	882
11	329
441	547
125	929
142	952
332	845
927	477
591	369
846	380
754	288
882	343
192	6
354	106
598	136
156	613
415	138
596	760
27	537
317	528
159	99
187	649
477	452
96	740
182	371
502	372
980	964
864	675
95	326
578	530
777	151
947	361
902	999
287	75
857	595
110	910
204	483
465	369
956	742
817	847
92	500
525	492
44	997
422	317
633	688
764	332
911	742
549	460
957	288
57	946
885	301
286	189
938	929
660	912
444	779
78	221
562	46
28	412
278	371
67	508
881	244
713	945
256	307
226	231
803	516
717	830
579	825
217	887
956	965
750	949
93	691
316	543
741	208
273	445
679	670
680	49
938	898
322	745
737	776
816	714
565	645
78	359
106	398
699	545
