90
180
583
432
462
420
439
526
585
541
536
611
513
598
544
470
552
505
492
579
417
468
539
493
456
592
440
513
436
448
497
495
434
590
546
526
471
469
569
541
531
592
611
553
485
608
534
519
575
438
462
472
473
588
417
498
491
489
511
492
467
433
582
590
566
586
425
467
450
479
454
521
442
431
475
490
526
485
425
462
588
542
609
592
565
494
526
555
605
459
478
1090
121	110
447	508
906	909
162	118
626	574
26	62
757	754
46	142
485	397
67	161
453	414
64	112
853	780
650	579
12	16
413	425
848	790
212	299
610	636
538	448
643	728
402	325
803	797
619	562
157	119
680	773
347	360
583	558
501	534
467	417
960	1024
800	821
920	895
809	737
215	128
186	256
948	965
954	1022
578	649
107	78
62	72
275	242
400	443
300	292
302	249
608	654
695	701
598	640
435	414
898	934
706	770
23	27
299	361
856	876
313	358
32	111
645	605
368	434
820	917
700	797
544	556
838	839
629	681
266	257
468	559
635	624
246	214
764	842
159	80
918	1018
12	46
308	360
718	722
901	897
680	765
366	402
691	763
299	350
219	248
424	360
540	484
801	817
731	647
49	65
238	212
660	719
439	394
150	172
446	467
394	389
671	755
157	58
507	559
739	817
543	480
671	741
404	481
628	603
853	851
638	722
349	249
32	129
15	65
593	551
896	948
187	165
585	667
700	672
183	247
51	34
507	448
110	17
768	743
64	158
305	390
862	931
665	729
164	185
728	736
557	529
810	810
400	449
826	733
66	33
226	224
743	719
653	699
932	888
714	684
688	754
754	732
202	146
594	644
825	783
728	724
644	589
329	234
563	517
289	244
753	789
360	427
760	858
806	820
474	501
129	86
595	583
817	869
194	283
395	372
913	936
867	817
587	541
23	117
974	946
880	814
218	303
742	803
804	744
630	661
604	631
487	462
784	702
345	295
848	803
151	182
103	201
267	183
851	810
960	986
244	188
523	584
634	548
775	862
866	946
879	885
514	470
721	630
776	691
219	276
619	711
