75
225
687
629
777
709
848
708
745
604
696
732
686
617
587
660
597
688
670
851
847
631
780
771
649
643
774
790
655
845
632
822
793
589
769
582
783
841
762
685
825
698
835
691
579
790
644
833
834
772
643
671
710
853
656
613
613
644
845
609
818
662
851
700
684
749
619
580
595
577
821
695
673
630
770
641
1102
54	93
44	102
228	228
350	395
518	607
668	651
114	138
463	413
548	640
281	181
80	72
960	911
485	556
558	603
406	383
437	420
257	223
591	526
500	529
448	353
354	348
401	301
272	220
360	293
478	518
222	166
41	98
666	658
653	641
119	140
584	676
495	585
737	776
528	587
78	21
588	573
206	196
224	187
415	320
12	37
710	744
185	240
996	904
769	820
575	589
396	387
81	141
806	791
519	484
209	237
132	150
576	500
12	39
570	536
247	268
332	422
15	8
923	877
833	777
96	134
81	167
980	901
846	808
462	484
952	994
387	427
82	7
714	791
839	786
664	564
179	114
801	716
166	263
95	72
312	387
336	274
511	428
494	443
35	19
944	968
46	23
687	682
992	1069
664	690
204	233
186	211
968	1023
332	430
521	493
726	690
689	775
233	160
353	423
752	655
384	432
793	838
981	1005
665	620
901	988
427	405
788	754
798	747
72	57
656	574
276	363
928	949
438	519
850	882
801	759
423	513
854	843
836	905
681	593
131	102
447	507
60	98
269	218
490	497
203	263
137	81
302	329
36	8
871	822
979	1070
50	66
300	252
500	442
582	509
487	544
519	601
391	369
370	279
607	575
971	896
982	1045
905	1002
28	61
641	679
973	989
185	237
998	911
834	738
739	779
446	409
718	776
519	460
539	511
370	433
523	612
456	440
852	853
318	267
396	490
838	937
107	120
996	945
755	719
50	36
869	797
170	237
246	309
295	310
38	84
478	574
475	475
66	46
165	232
856	807
624	578
474	441
417	391
733	654
671	692
609	587
692	596
386	468
846	848
85	121
618	712
398	461
240	254
745	819
125	159
115	103
184	150
627	679
47	65
938	925
232	216
884	944
433	501
212	303
426	456
340	326
12	48
797	891
705	775
494	496
647	707
136	118
856	897
148	91
732	761
216	185
394	389
804	750
555	541
546	616
290	273
631	650
140	72
772	858
146	102
123	101
371	374
666	568
779	815
102	104
235	234
93	150
870	781
833	737
472	406
128	118
806	884
