75
375
1313
1114
1003
1411
993
1111
1406
1199
1281
1410
1073
1379
1359
1244
1456
1063
1181
1304
1149
1309
1418
1186
1365
1291
1242
1445
1091
1141
1035
1205
1159
992
1072
1092
1148
1237
1164
1024
1355
1054
1340
1290
1255
1089
1441
1374
1311
1106
1055
1070
1428
1048
1028
1451
1433
1040
1157
1394
1199
1001
1207
1063
1227
1034
1444
1167
1202
1389
1107
1316
1121
1245
1281
1287
2439
107	107
628	628
258	258
683	683
957	957
105	105
910	910
480	480
865	865
423	423
228	228
164	164
490	490
240	240
33	33
336	336
158	158
539	539
219	219
258	258
127	127
781	781
58	58
296	296
348	348
810	810
400	400
928	928
993	993
57	57
912	912
793	793
431	431
987	987
450	450
445	445
109	109
774	774
613	613
580	580
741	741
909	909
655	655
672	672
447	447
205	205
474	474
163	163
450	450
391	391
506	506
774	774
902	902
651	651
716	716
672	672
96	96
780	780
189	189
326	326
665	665
30	30
252	252
553	553
597	597
880	880
248	248
231	231
421	421
488	488
235	235
327	327
892	892
25	25
559	559
340	340
56	56
172	172
933	933
131	131
392	392
883	883
251	251
370	370
909	909
993	993
51	51
318	318
780	780
962	962
657	657
828	828
169	169
123	123
578	578
455	455
541	541
825	825
670	670
226	226
869	869
602	602
128	128
977	977
188	188
562	562
946	946
437	437
728	728
930	930
433	433
598	598
99	99
470	470
652	652
738	738
426	426
437	437
779	779
212	212
794	794
693	693
481	481
779	779
767	767
842	842
633	633
245	245
298	298
55	55
120	120
653	653
63	63
792	792
479	479
319	319
442	442
190	190
215	215
285	285
538	538
722	722
671	671
697	697
386	386
349	349
167	167
758	758
229	229
821	821
492	492
835	835
542	542
998	998
621	621
609	609
190	190
85	85
116	116
297	297
864	864
808	808
81	81
905	905
942	942
105	105
250	250
799	799
655	655
380	380
763	763
491	491
103	103
73	73
140	140
191	191
445	445
694	694
521	521
339	339
597	597
448	448
385	385
586	586
336	336
887	887
284	284
48	48
754	754
13	13
344	344
687	687
355	355
201	201
542	542
543	543
135	135
193	193
92	92
470	470
594	594
653	653
460	460
773	773
405	405
67	67
143	143
396	396
231	231
521	521
832	832
610	610
325	325
98	98
694	694
343	343
649	649
391	391
827	827
846	846
387	387
504	504
554	554
201	201
695	695
208	208
672	672
283	283
779	779
831	831
490	490
192	192
318	318
428	428
575	575
87	87
80	80
967	967
693	693
478	478
917	917
928	928
381	381
948	948
879	879
784	784
235	235
686	686
995	995
171	171
200	200
27	27
415	415
482	482
613	613
172	172
132	132
853	853
989	989
14	14
430	430
436	436
769	769
267	267
844	844
882	882
305	305
332	332
373	373
620	620
712	712
35	35
543	543
669	669
732	732
764	764
194	194
177	177
697	697
970	970
793	793
62	62
288	288
596	596
749	749
552	552
414	414
643	643
718	718
873	873
70	70
719	719
372	372
698	698
953	953
826	826
120	120
309	309
522	522
729	729
847	847
277	277
743	743
482	482
283	283
643	643
835	835
562	562
599	599
85	85
565	565
986	986
745	745
723	723
498	498
897	897
930	930
628	628
289	289
303	303
640	640
93	93
149	149
569	569
210	210
761	761
961	961
648	648
223	223
808	808
89	89
728	728
829	829
495	495
302	302
885	885
420	420
462	462
799	799
279	279
93	93
825	825
10	10
353	353
269	269
669	669
402	402
302	302
802	802
986	986
660	660
451	451
164	164
91	91
330	330
941	941
239	239
134	134
290	290
68	68
220	220
282	282
278	278
677	677
940	940
344	344
461	461
811	811
17	17
761	761
103	103
683	683
276	276
301	301
29	29
