75
225
742
787
790
841
778
699
699
916
916
714
671
826
676
670
861
768
949
749
719
703
678
710
699
821
715
781
677
888
761
817
846
951
639
867
709
947
710
939
649
890
653
758
841
871
743
870
636
763
917
635
856
843
888
845
813
871
675
742
757
635
926
881
684
790
765
647
769
918
921
676
867
657
755
927
1573
400	400
214	214
68	68
923	923
805	805
370	370
315	315
108	108
559	559
985	985
849	849
906	906
213	213
979	979
824	824
327	327
334	334
969	969
291	291
94	94
406	406
549	549
841	841
313	313
200	200
193	193
234	234
585	585
278	278
78	78
483	483
197	197
865	865
624	624
481	481
957	957
710	710
228	228
753	753
772	772
265	265
788	788
835	835
570	570
694	694
311	311
953	953
528	528
854	854
976	976
573	573
636	636
609	609
250	250
727	727
690	690
592	592
904	904
947	947
462	462
125	125
563	563
523	523
473	473
361	361
363	363
956	956
641	641
489	489
87	87
926	926
791	791
699	699
243	243
707	707
812	812
645	645
791	791
212	212
572	572
835	835
212	212
819	819
72	72
709	709
875	875
22	22
472	472
107	107
73	73
965	965
751	751
600	600
836	836
468	468
638	638
36	36
611	611
395	395
304	304
544	544
794	794
469	469
786	786
194	194
457	457
645	645
433	433
954	954
881	881
444	444
215	215
351	351
966	966
702	702
894	894
364	364
745	745
260	260
794	794
562	562
246	246
645	645
964	964
264	264
265	265
365	365
432	432
806	806
668	668
966	966
770	770
713	713
58	58
510	510
422	422
88	88
589	589
993	993
711	711
957	957
856	856
220	220
236	236
301	301
671	671
794	794
146	146
520	520
985	985
308	308
841	841
832	832
498	498
186	186
182	182
217	217
963	963
154	154
552	552
582	582
131	131
50	50
255	255
273	273
376	376
949	949
387	387
562	562
423	423
147	147
448	448
417	417
698	698
529	529
455	455
495	495
161	161
106	106
516	516
766	766
380	380
973	973
756	756
555	555
994	994
279	279
31	31
933	933
845	845
211	211
999	999
82	82
15	15
14	14
640	640
782	782
979	979
334	334
345	345
773	773
640	640
765	765
64	64
453	453
288	288
336	336
727	727
709	709
437	437
596	596
105	105
926	926
652	652
526	526
847	847
259	259
217	217
590	590
584	584
148	148
699	699
742	742
489	489
56	56
