75
375
1163
1509
1262
1360
1100
1341
1485
1413
1497
1101
1244
1327
1312
1388
1392
1232
1228
1455
1091
1439
1153
1216
1357
1241
1451
1036
1219
1354
1428
1489
1484
1281
1237
1506
1365
1051
1276
1054
1169
1029
1025
1444
1333
1095
1159
1026
1456
1378
1332
1331
1094
1329
1189
1428
1017
1226
1335
1152
1176
1290
1244
1179
1024
1161
1034
1227
1187
1202
1375
1337
1269
1468
1406
1380
456
74	4
321	370
79	171
507	430
580	605
716	728
549	621
485	421
134	233
805	743
132	176
802	707
255	292
769	829
359	422
697	612
121	216
928	1017
362	307
474	484
115	27
443	406
684	759
908	921
224	138
93	42
614	574
556	479
408	472
379	312
350	363
991	1077
716	706
277	357
778	819
792	741
74	7
818	869
544	535
61	18
626	645
745	777
461	452
294	388
974	885
811	911
516	532
500	597
518	595
431	433
576	511
122	70
824	796
133	203
30	101
494	573
840	899
714	650
161	178
969	927
720	681
739	758
216	185
572	650
798	793
125	105
491	547
658	744
718	808
614	573
136	185
433	352
71	150
895	862
435	466
998	900
359	337
123	29
224	274
271	261
872	860
432	524
368	316
201	258
587	540
685	680
168	135
707	787
332	250
170	140
316	234
475	430
178	96
676	587
494	438
82	143
556	651
218	156
415	448
883	899
304	326
654	661
919	858
466	453
559	568
621	542
258	304
788	775
299	244
312	246
348	367
988	931
689	627
493	582
78	114
506	470
304	257
863	822
178	178
544	474
321	299
268	225
817	909
53	34
941	1019
564	608
894	876
780	697
565	501
89	3
549	470
637	560
363	460
286	241
598	693
783	806
505	493
944	910
66	152
281	351
856	857
724	641
563	580
275	203
306	276
434	474
126	40
716	646
599	500
14	81
291	358
912	931
188	233
350	416
933	836
29	6
763	785
199	289
435	347
119	21
969	1048
921	888
134	42
492	408
434	361
795	853
537	562
649	749
536	551
532	516
894	812
676	633
969	922
743	648
603	510
529	594
944	1026
593	520
160	170
942	1014
195	215
167	78
370	350
237	138
502	456
310	345
48	128
110	15
33	73
777	790
754	737
239	157
969	994
557	578
449	388
616	532
863	794
976	1060
855	908
117	178
263	239
158	82
314	248
907	887
580	504
857	785
968	963
345	385
215	235
274	305
261	162
629	705
74	21
35	60
682	779
901	861
907	898
647	611
28	94
504	440
645	638
511	560
397	397
825	854
640	718
487	430
472	502
155	174
786	813
24	48
609	593
725	670
769	862
123	81
694	658
979	920
352	444
451	542
586	582
58	10
477	544
293	354
843	935
616	603
834	897
340	387
14	60
13	25
507	516
624	580
571	567
232	280
408	374
839	827
338	273
793	823
157	184
970	1016
695	768
820	857
984	977
232	285
488	465
502	534
283	238
346	370
668	730
661	748
616	649
38	116
603	654
878	907
868	798
371	408
269	276
472	467
688	713
629	644
660	578
848	871
701	768
336	298
234	304
989	959
336	358
638	641
535	514
805	854
91	10
964	878
930	882
911	813
744	800
72	100
398	329
298	370
70	41
119	198
647	655
339	385
976	996
501	521
317	362
543	604
546	643
140	165
739	644
249	149
494	433
438	533
988	1038
194	249
565	602
768	729
810	713
442	509
934	986
824	887
493	497
760	803
32	121
474	487
559	480
136	75
435	511
993	1084
579	541
526	563
497	468
417	513
247	277
154	127
629	719
989	958
449	514
963	918
408	492
748	751
497	594
139	95
968	977
310	314
524	522
257	340
255	276
604	664
901	999
744	841
573	622
676	746
861	945
302	261
530	539
168	192
361	320
585	672
609	631
294	197
887	821
36	79
133	127
58	147
316	406
703	659
263	260
15	78
395	337
550	596
737	814
416	351
15	59
879	820
973	938
182	162
217	187
