90
180
423
478
438
466
541
488
536
497
538
552
508
561
436
421
429
529
427
458
491
541
588
520
422
553
413
422
531
500
525
505
598
577
606
426
462
606
475
453
431
453
508
421
583
547
527
483
436
434
597
406
428
425
472
468
606
451
583
594
415
492
539
450
572
453
607
562
598
475
461
459
564
503
549
457
464
468
522
447
583
408
434
456
578
414
543
472
418
499
531
1587
457	467
930	940
414	424
593	603
145	155
997	1007
453	463
571	581
522	532
795	805
836	846
815	825
999	1009
336	346
566	576
905	915
504	514
980	990
679	689
37	47
302	312
729	739
910	920
336	346
981	991
43	53
682	692
930	940
626	636
238	248
213	223
695	705
175	185
111	121
592	602
878	888
384	394
744	754
1000	1010
678	688
225	235
280	290
54	64
19	29
963	973
101	111
903	913
783	793
242	252
335	345
159	169
229	239
437	447
209	219
281	291
249	259
736	746
493	503
366	376
485	495
976	986
614	624
872	882
474	484
837	847
426	436
381	391
996	1006
961	971
967	977
463	473
561	571
333	343
134	144
259	269
945	955
416	426
378	388
184	194
542	552
665	675
414	424
816	826
581	591
395	405
529	539
849	859
163	173
554	564
896	906
829	839
597	607
938	948
207	217
856	866
783	793
167	177
585	595
362	372
333	343
207	217
599	609
58	68
926	936
778	788
311	321
731	741
134	144
93	103
22	32
185	195
747	757
470	480
634	644
833	843
132	142
733	743
538	548
511	521
768	778
13	23
332	342
280	290
961	971
834	844
106	116
464	474
392	402
676	686
581	591
219	229
363	373
646	656
195	205
310	320
266	276
394	404
864	874
653	663
302	312
32	42
242	252
327	337
679	689
898	908
378	388
144	154
74	84
987	997
508	518
502	512
343	353
49	59
751	761
791	801
383	393
224	234
904	914
31	41
79	89
417	427
309	319
396	406
937	947
144	154
931	941
192	202
810	820
498	508
887	897
32	42
502	512
371	381
950	960
270	280
441	451
845	855
55	65
632	642
772	782
