75
225
863
687
659
711
703
723
685
700
698
889
661
666
776
889
830
803
711
641
787
712
716
611
755
755
804
737
668
845
761
886
879
649
810
696
870
618
601
720
699
813
620
734
688
730
758
610
756
771
866
609
798
801
808
860
775
696
895
722
836
689
887
756
621
758
783
846
651
692
666
708
765
643
710
858
1319
14	24
527	537
291	301
457	467
912	922
783	793
188	198
108	118
350	360
615	625
933	943
223	233
29	39
991	1001
105	115
763	773
66	76
199	209
924	934
435	445
816	826
119	129
923	933
969	979
838	848
921	931
175	185
134	144
845	855
492	502
306	316
434	444
420	430
795	805
490	500
537	547
270	280
649	659
864	874
536	546
335	345
532	542
678	688
894	904
74	84
676	686
969	979
969	979
885	895
743	753
903	913
603	613
250	260
529	539
100	110
944	954
56	66
593	603
107	117
160	170
419	429
942	952
626	636
195	205
153	163
167	177
301	311
370	380
258	268
237	247
595	605
502	512
695	705
310	320
346	356
48	58
124	134
110	120
674	684
33	43
357	367
430	440
777	787
927	937
754	764
728	738
239	249
878	888
969	979
457	467
557	567
986	996
449	459
114	124
616	626
549	559
863	873
891	901
976	986
488	498
855	865
200	210
117	127
175	185
263	273
997	1007
158	168
263	273
314	324
268	278
907	917
29	39
580	590
235	245
857	867
734	744
968	978
960	970
345	355
921	931
215	225
751	761
274	284
678	688
261	271
291	301
629	639
120	130
74	84
557	567
35	45
800	810
420	430
769	779
663	673
682	692
618	628
901	911
434	444
907	917
283	293
647	657
83	93
28	38
578	588
504	514
695	705
645	655
888	898
511	521
112	122
397	407
479	489
825	835
92	102
640	650
538	548
487	497
53	63
472	482
294	304
155	165
914	924
786	796
585	595
24	34
393	403
274	284
330	340
609	619
603	613
725	735
896	906
769	779
221	231
123	133
269	279
694	704
803	813
979	989
13	23
352	362
856	866
451	461
247	257
586	596
213	223
58	68
473	483
477	487
756	766
293	303
830	840
843	853
468	478
616	626
503	513
834	844
804	814
340	350
844	854
14	24
389	399
13	23
537	547
725	735
926	936
507	517
460	470
624	634
136	146
571	581
59	69
232	242
555	565
408	418
819	829
839	849
743	753
338	348
680	690
793	803
149	159
157	167
29	39
