150
300
421
567
561
558
488
424
531
575
562
495
475
530
617
446
450
573
586
429
452
443
431
490
581
452
534
608
545
572
511
508
472
523
534
476
459
446
562
600
464
573
445
502
620
572
454
521
433
549
595
489
501
533
506
473
453
486
498
581
570
510
421
506
460
534
489
459
564
589
576
416
582
542
604
530
431
559
503
485
459
475
434
581
586
499
508
596
483
512
486
418
458
509
420
494
479
578
550
588
455
563
616
600
590
523
599
490
492
515
501
555
440
600
495
614
491
540
525
578
455
523
457
543
615
432
484
591
568
489
517
536
537
473
563
599
543
492
566
423
444
448
472
546
433
579
482
567
513
567
596
1018
66	76
446	456
955	965
733	743
750	760
393	403
693	703
823	833
446	456
474	484
204	214
844	854
861	871
819	829
762	772
746	756
779	789
282	292
999	1009
382	392
466	476
449	459
582	592
279	289
605	615
88	98
889	899
157	167
256	266
743	753
841	851
390	400
210	220
515	525
690	700
955	965
127	137
715	725
705	715
740	750
620	630
627	637
878	888
284	294
39	49
58	68
483	493
129	139
98	108
251	261
763	773
744	754
270	280
473	483
10	20
439	449
412	422
517	527
34	44
418	428
756	766
526	536
589	599
267	277
623	633
243	253
308	318
198	208
164	174
753	763
129	139
199	209
515	525
695	705
933	943
255	265
834	844
698	708
578	588
794	804
596	606
386	396
733	743
282	292
986	996
770	780
814	824
989	999
961	971
970	980
214	224
534	544
730	740
148	158
241	251
255	265
440	450
375	385
213	223
486	496
865	875
887	897
802	812
426	436
681	691
820	830
599	609
457	467
897	907
266	276
133	143
124	134
665	675
297	307
369	379
213	223
161	171
975	985
254	264
564	574
671	681
911	921
124	134
722	732
983	993
821	831
455	465
563	573
548	558
436	446
710	720
306	316
352	362
140	150
300	310
369	379
703	713
980	990
73	83
693	703
29	39
621	631
451	461
35	45
513	523
678	688
755	765
992	1002
393	403
295	305
913	923
537	547
896	906
963	973
278	288
437	447
372	382
223	233
334	344
976	986
411	421
246	256
24	34
297	307
813	823
873	883
459	469
792	802
536	546
197	207
314	324
998	1008
44	54
283	293
484	494
356	366
117	127
212	222
163	173
529	539
614	624
413	423
976	986
868	878
450	460
659	669
293	303
359	369
830	840
624	634
467	477
314	324
254	264
387	397
179	189
336	346
766	776
194	204
443	453
51	61
892	902
628	638
396	406
843	853
146	156
314	324
345	355
754	764
874	884
651	661
536	546
864	874
846	856
732	742
777	787
617	627
951	961
621	631
550	560
666	676
552	562
759	769
686	696
938	948
864	874
745	755
255	265
728	738
681	691
530	540
963	973
625	635
268	278
433	443
23	33
793	803
499	509
161	171
707	717
467	477
979	989
744	754
938	948
373	383
90	100
890	900
157	167
465	475
488	498
447	457
273	283
520	530
808	818
982	992
392	402
217	227
812	822
978	988
163	173
954	964
331	341
46	56
60	70
474	484
502	512
715	725
118	128
911	921
506	516
890	900
558	568
680	690
242	252
262	272
206	216
699	709
809	819
289	299
504	514
735	745
84	94
890	900
830	840
630	640
127	137
160	170
274	284
115	125
161	171
906	916
638	648
792	802
583	593
309	319
166	176
492	502
420	430
756	766
251	261
374	384
