75
225
831
638
716
790
801
761
636
832
682
721
796
719
936
808
799
677
683
762
696
913
665
733
695
731
925
651
821
771
700
792
718
653
824
912
777
657
789
834
719
899
847
825
734
814
739
916
726
654
758
801
801
807
656
670
704
710
758
893
791
825
673
736
853
687
870
723
778
727
628
668
812
855
663
901
2465
244	338
125	52
888	906
293	210
499	452
260	270
631	720
217	229
977	986
411	414
518	600
738	726
279	361
318	226
804	795
646	623
641	556
412	404
330	282
761	793
515	438
436	387
409	373
443	388
695	628
51	121
898	912
916	839
329	400
438	364
577	529
577	545
202	256
473	380
961	939
570	635
871	894
312	368
136	197
956	914
454	451
807	750
861	821
867	925
896	937
673	746
706	735
759	729
873	955
804	887
291	243
46	13
528	555
776	690
751	656
353	409
398	310
448	401
83	161
372	379
727	730
767	738
992	930
698	657
198	253
544	532
555	461
605	616
856	847
559	534
53	70
173	152
169	266
409	500
254	155
497	414
715	781
163	249
206	195
926	979
782	719
318	241
651	742
656	690
552	621
677	610
633	538
934	951
571	622
442	413
718	678
101	1
199	235
589	520
725	819
157	66
698	670
258	294
501	425
821	819
459	365
791	711
884	953
404	413
655	625
66	141
654	639
314	308
732	727
628	688
796	751
970	910
42	133
293	318
841	888
529	588
676	747
54	43
616	570
899	817
436	376
357	357
20	52
136	80
253	261
420	427
488	570
320	227
532	607
648	723
561	659
240	214
317	316
589	656
976	883
265	183
497	435
545	547
364	354
781	782
634	675
933	981
399	394
513	448
602	573
338	355
578	505
305	401
592	530
28	61
601	546
147	175
58	45
687	645
617	670
599	542
825	774
285	254
561	575
132	82
51	10
30	19
92	77
724	711
218	230
311	221
230	195
195	289
36	64
899	973
471	461
859	952
135	75
491	391
576	623
872	949
270	290
549	496
510	410
845	770
556	623
694	748
588	578
243	209
278	247
321	397
402	418
378	448
989	1085
805	758
341	280
880	927
559	524
381	424
727	677
712	809
307	335
448	539
623	646
376	333
242	320
969	896
866	871
762	671
642	593
840	866
695	641
722	786
663	597
680	779
784	712
276	202
844	842
232	237
927	881
247	279
996	920
557	509
499	414
959	1022
252	176
711	807
493	514
953	976
45	28
