150
300
648
464
621
505
473
645
574
485
503
441
474
445
513
542
651
477
536
586
621
497
643
469
495
653
484
445
448
460
578
596
541
510
453
441
461
627
595
476
620
578
540
487
608
502
652
441
529
519
643
557
651
448
457
518
522
512
635
614
545
659
598
539
625
527
631
477
644
458
655
441
457
453
576
593
567
609
467
469
646
481
587
454
628
460
634
645
484
497
538
543
659
584
547
510
455
639
475
510
473
585
579
501
490
573
556
599
478
470
496
598
452
565
529
497
627
516
650
656
473
530
646
627
497
540
469
478
447
602
598
565
625
584
517
571
546
554
584
601
497
538
485
536
619
497
618
514
594
481
525
1706
831	841
504	514
649	659
30	40
528	538
599	609
205	215
137	147
995	1005
990	1000
330	340
277	287
746	756
66	76
426	436
635	645
656	666
881	891
122	132
789	799
148	158
328	338
117	127
921	931
289	299
742	752
866	876
415	425
731	741
298	308
852	862
277	287
782	792
505	515
217	227
551	561
215	225
811	821
22	32
239	249
697	707
918	928
457	467
481	491
416	426
790	800
886	896
984	994
622	632
39	49
902	912
177	187
554	564
415	425
890	900
636	646
567	577
295	305
700	710
794	804
133	143
848	858
470	480
777	787
999	1009
692	702
355	365
798	808
316	326
931	941
815	825
268	278
115	125
307	317
949	959
557	567
64	74
618	628
244	254
888	898
165	175
927	937
984	994
844	854
746	756
110	120
760	770
367	377
31	41
701	711
820	830
760	770
634	644
775	785
671	681
206	216
886	896
944	954
636	646
202	212
760	770
321	331
799	809
27	37
31	41
52	62
120	130
355	365
469	479
125	135
141	151
770	780
652	662
701	711
853	863
286	296
704	714
281	291
172	182
297	307
768	778
725	735
244	254
543	553
748	758
508	518
900	910
623	633
737	747
841	851
732	742
140	150
843	853
554	564
535	545
679	689
135	145
879	889
670	680
552	562
919	929
977	987
668	678
296	306
246	256
244	254
294	304
726	736
897	907
105	115
992	1002
844	854
865	875
747	757
936	946
275	285
343	353
839	849
106	116
423	433
547	557
591	601
349	359
835	845
958	968
202	212
351	361
970	980
550	560
844	854
977	987
736	746
873	883
49	59
627	637
488	498
843	853
15	25
914	924
387	397
906	916
779	789
821	831
806	816
956	966
852	862
989	999
980	990
510	520
804	814
773	783
410	420
84	94
965	975
151	161
430	440
70	80
243	253
809	819
807	817
567	577
938	948
770	780
459	469
16	26
329	339
172	182
17	27
210	220
301	311
518	528
367	377
804	814
756	766
536	546
403	413
583	593
761	771
578	588
611	621
655	665
403	413
927	937
827	837
994	1004
518	528
834	844
996	1006
155	165
569	579
386	396
786	796
45	55
732	742
605	615
37	47
446	456
940	950
154	164
698	708
705	715
898	908
712	722
675	685
635	645
636	646
777	787
347	357
975	985
888	898
709	719
123	133
417	427
921	931
15	25
300	310
598	608
417	427
221	231
477	487
643	653
311	321
702	712
682	692
656	666
297	307
82	92
806	816
463	473
309	319
859	869
874	884
624	634
250	260
358	368
227	237
77	87
128	138
505	515
659	669
349	359
163	173
694	704
179	189
720	730
640	650
221	231
790	800
18	28
474	484
65	75
747	757
140	150
876	886
168	178
698	708
869	879
656	666
945	955
966	976
