75
225
661
823
771
618
878
664
841
614
767
724
640
884
609
817
636
883
886
632
679
881
698
836
806
839
875
895
876
801
612
725
892
634
670
733
604
633
727
861
614
660
825
795
618
838
788
617
652
763
858
677
753
626
722
607
679
815
879
703
758
809
719
775
673
638
739
609
795
668
612
679
787
662
729
750
2016
235	261
253	157
726	790
663	610
881	829
674	687
767	693
74	96
663	656
135	170
451	507
919	984
488	571
293	293
351	374
10	106
564	553
555	618
204	216
832	790
717	627
506	596
465	471
659	653
383	355
815	753
798	828
472	512
789	702
656	630
338	431
700	648
530	528
676	628
457	520
302	311
978	920
651	589
468	466
171	200
868	946
895	829
784	770
448	349
977	999
180	159
415	424
226	253
954	934
388	324
524	449
20	55
237	228
854	782
460	379
607	593
101	71
979	1033
332	339
83	86
811	906
718	735
145	185
632	666
292	302
935	908
919	869
24	63
939	896
734	815
60	24
829	865
259	337
969	1014
714	670
335	318
672	736
31	27
242	189
539	526
298	280
147	141
847	931
214	178
738	737
900	980
905	998
241	298
957	976
156	165
697	638
252	261
234	237
243	246
657	674
480	487
646	723
971	1011
476	388
836	791
221	261
946	912
130	62
639	710
900	953
938	883
559	616
391	323
897	984
440	354
135	91
457	472
814	720
177	172
171	102
134	223
422	372
180	280
64	138
620	534
19	25
52	129
691	648
184	167
128	185
745	834
12	102
399	321
240	144
636	554
41	140
371	430
422	481
872	965
94	152
663	727
684	585
560	521
226	132
691	697
229	209
110	94
189	96
842	792
614	709
723	625
977	1055
512	520
613	583
263	186
764	681
922	886
719	813
648	601
515	495
345	405
182	145
615	616
777	725
826	833
330	379
401	313
621	568
226	128
346	337
593	522
768	750
199	168
526	458
392	408
495	467
957	1039
172	216
433	344
417	387
713	712
638	652
385	421
262	213
91	147
867	807
849	752
260	207
255	220
90	44
623	570
836	838
841	880
434	473
519	420
302	365
528	472
781	833
896	876
93	178
787	877
83	157
846	857
547	625
968	876
943	890
882	823
131	63
331	319
319	356
473	403
732	772
265	223
623	699
865	899
274	356
448	362
232	308
37	55
921	880
727	781
229	179
482	469
172	142
250	350
128	74
656	627
121	197
346	393
462	498
