150
300
447
570
431
485
593
455
505
458
579
451
491
448
584
482
432
448
445
608
608
454
580
546
530
553
466
490
598
528
555
434
440
493
487
587
457
584
514
489
537
426
543
434
440
431
520
483
501
464
481
504
499
577
431
420
486
546
443
524
498
536
415
608
411
567
448
560
521
606
437
556
540
590
575
435
482
482
502
584
432
474
499
536
570
411
478
442
495
475
597
433
480
525
449
502
428
595
553
474
604
594
521
424
556
530
412
434
454
542
410
435
480
506
447
485
416
412
432
438
599
440
507
593
467
579
512
578
459
577
551
440
479
549
592
462
583
585
522
591
466
560
535
471
531
556
418
590
445
455
494
1614
788	798
324	334
627	637
562	572
730	740
740	750
657	667
138	148
966	976
609	619
633	643
774	784
581	591
843	853
72	82
48	58
73	83
225	235
813	823
68	78
457	467
993	1003
237	247
643	653
212	222
899	909
477	487
470	480
63	73
401	411
874	884
263	273
380	390
474	484
214	224
615	625
741	751
899	909
909	919
483	493
568	578
533	543
358	368
45	55
67	77
493	503
509	519
229	239
991	1001
350	360
438	448
852	862
646	656
131	141
390	400
594	604
705	715
557	567
802	812
802	812
349	359
496	506
484	494
745	755
65	75
721	731
493	503
474	484
58	68
646	656
109	119
486	496
148	158
42	52
262	272
203	213
433	443
487	497
731	741
325	335
51	61
150	160
168	178
223	233
548	558
474	484
850	860
876	886
342	352
249	259
350	360
786	796
204	214
383	393
673	683
607	617
557	567
973	983
945	955
42	52
875	885
67	77
308	318
262	272
874	884
920	930
476	486
650	660
763	773
869	879
999	1009
149	159
924	934
508	518
591	601
387	397
558	568
308	318
20	30
466	476
737	747
157	167
692	702
996	1006
606	616
752	762
497	507
900	910
753	763
114	124
422	432
121	131
731	741
668	678
486	496
427	437
46	56
820	830
109	119
956	966
635	645
992	1002
219	229
76	86
505	515
227	237
545	555
803	813
445	455
263	273
234	244
755	765
565	575
364	374
722	732
58	68
789	799
805	815
698	708
462	472
439	449
763	773
981	991
683	693
697	707
226	236
188	198
369	379
750	760
339	349
812	822
852	862
317	327
833	843
105	115
313	323
682	692
982	992
351	361
107	117
668	678
411	421
424	434
983	993
645	655
985	995
623	633
664	674
677	687
174	184
988	998
740	750
430	440
681	691
883	893
81	91
493	503
48	58
837	847
107	117
287	297
895	905
244	254
108	118
315	325
539	549
28	38
638	648
268	278
322	332
497	507
72	82
72	82
324	334
543	553
30	40
772	782
848	858
807	817
845	855
819	829
640	650
657	667
836	846
776	786
306	316
860	870
536	546
330	340
815	825
656	666
157	167
22	32
43	53
582	592
897	907
899	909
879	889
379	389
468	478
289	299
780	790
712	722
589	599
173	183
736	746
979	989
243	253
581	591
925	935
70	80
649	659
20	30
710	720
872	882
610	620
309	319
108	118
758	768
664	674
853	863
730	740
606	616
996	1006
165	175
857	867
80	90
215	225
787	797
811	821
197	207
903	913
551	561
762	772
32	42
852	862
873	883
94	104
297	307
831	841
63	73
839	849
279	289
354	364
812	822
117	127
591	601
355	365
70	80
459	469
784	794
45	55
358	368
80	90
430	440
499	509
166	176
757	767
453	463
566	576
