150
300
519
509
479
533
418
453
415
532
483
424
520
431
538
578
508
464
426
454
579
475
491
447
499
396
533
586
530
421
441
525
505
433
466
476
524
446
420
567
496
559
480
511
480
581
438
508
547
443
574
477
484
564
417
434
568
528
544
463
532
425
466
494
586
535
498
499
473
481
531
393
450
474
491
492
571
436
398
552
490
465
560
453
427
439
475
565
514
544
401
462
533
501
550
456
482
414
427
513
551
551
455
420
394
441
412
462
484
580
460
395
533
487
569
524
398
549
458
481
502
479
421
466
464
494
477
578
429
498
495
479
445
427
392
563
524
490
464
434
515
492
434
413
523
463
402
395
477
541
563
1238
94	185
283	369
395	324
352	404
354	279
819	894
329	370
584	617
174	259
889	853
116	169
515	494
535	585
587	594
727	671
800	885
333	349
21	3
805	814
135	234
94	82
148	211
516	560
647	582
136	177
380	422
761	841
282	230
643	619
675	662
156	102
375	276
631	565
854	834
327	292
419	392
789	784
848	763
635	664
16	85
525	478
871	907
372	451
320	316
884	940
85	120
493	408
904	830
135	64
402	358
778	804
337	435
653	725
858	905
251	203
656	717
938	866
888	910
492	556
75	171
777	711
240	301
956	1034
239	268
339	277
876	861
842	820
180	180
578	565
797	846
946	847
998	1025
868	787
643	721
113	92
879	791
469	566
25	6
61	74
938	872
589	630
859	838
566	529
406	370
449	482
813	758
976	1048
332	330
846	905
620	548
845	856
183	138
213	262
744	842
51	117
604	533
374	436
859	831
743	729
781	870
568	475
518	438
488	457
284	303
108	123
199	140
903	950
117	41
271	293
837	773
469	482
538	469
359	346
657	672
321	315
259	310
35	25
951	916
250	180
84	51
746	799
445	445
387	310
445	484
272	190
963	957
754	849
527	516
945	885
744	657
266	246
888	944
92	40
287	287
898	930
304	321
706	674
52	93
321	258
346	249
337	259
740	747
540	452
899	826
375	333
465	507
214	216
434	410
419	503
508	576
47	145
522	426
372	383
381	314
191	190
222	172
221	206
17	23
458	431
477	433
111	69
208	282
925	974
240	192
419	346
555	559
102	140
745	773
493	578
140	83
419	350
655	615
158	171
612	699
271	243
985	941
579	632
634	608
905	858
667	574
842	917
821	752
92	176
487	526
276	334
605	688
653	695
222	122
515	519
533	517
310	309
541	536
880	925
67	39
408	404
600	509
648	597
334	271
117	52
138	207
839	794
406	446
216	140
185	241
536	555
854	860
782	758
594	679
125	140
348	376
24	114
855	790
993	983
235	178
999	932
155	174
512	432
77	128
712	771
629	546
23	102
186	231
364	347
776	769
844	842
812	801
401	358
899	839
73	79
240	158
245	265
504	444
204	242
686	752
248	219
810	781
960	871
181	164
279	305
290	211
314	263
813	904
656	748
449	462
188	158
97	43
315	271
397	402
672	621
980	886
421	401
267	200
969	947
174	260
27	88
918	977
362	323
278	302
886	919
242	257
215	239
461	459
259	275
279	361
300	329
33	75
338	288
47	19
587	535
637	537
972	1041
930	841
412	347
817	823
329	392
80	168
946	887
19	59
603	565
729	826
279	255
746	725
882	859
594	557
736	744
48	147
559	643
883	935
127	29
232	154
767	697
479	383
194	152
220	203
723	720
988	1077
963	962
586	526
616	661
930	922
