90
180
571
552
490
497
434
565
435
540
445
526
420
462
527
568
601
427
564
440
540
590
457
531
468
517
562
511
530
487
615
611
554
547
555
455
584
448
452
435
493
552
456
503
625
523
503
487
602
584
511
602
453
530
594
488
546
459
495
514
488
466
446
552
621
518
425
589
518
484
524
453
528
491
491
541
436
582
498
458
464
434
490
601
486
546
518
526
605
540
453
1389
560	956
949	626
683	811
21	260
789	57
964	445
206	94
872	81
268	840
835	389
728	334
467	783
645	621
300	950
970	945
484	186
646	718
657	542
473	239
560	341
755	391
824	699
43	286
611	878
941	22
184	277
676	190
583	695
705	943
783	375
885	230
861	343
183	577
404	435
392	238
425	439
193	456
240	43
691	322
439	102
822	321
817	297
540	214
429	933
684	801
544	335
964	940
537	571
595	703
294	752
603	295
743	635
253	413
302	157
912	316
288	697
62	547
447	321
401	332
255	424
987	611
922	782
286	171
150	511
956	846
733	21
307	940
824	471
661	6
941	570
37	810
446	767
230	162
384	997
240	368
342	561
400	981
973	979
672	987
307	498
309	415
770	547
264	363
867	190
189	634
341	49
266	158
911	881
90	982
389	286
860	188
879	895
849	567
381	270
675	955
591	565
174	866
14	712
139	797
249	421
83	283
414	210
531	678
982	998
812	945
848	995
854	390
296	442
593	448
121	543
596	149
877	366
255	846
554	679
358	978
162	262
635	823
466	446
654	658
786	310
698	338
595	940
371	312
828	610
365	289
866	463
704	375
685	559
554	589
18	453
190	609
111	736
647	247
366	763
31	660
550	866
459	336
17	250
642	24
842	504
805	642
817	541
708	178
947	192
441	445
561	284
590	900
366	259
79	131
604	876
134	978
662	945
970	236
64	596
494	871
852	155
267	643
583	65
545	606
323	239
383	119
934	803
235	25
368	712
244	707
125	646
888	646
293	756
499	918
260	266
631	396
217	756
977	316
411	636
518	675
738	606
279	203
318	883
804	433
646	902
