75
375
1211
1524
1151
1445
1421
1210
1460
1460
1435
1057
1044
1305
1309
1225
1483
1315
1205
1315
1179
1369
1372
1422
1396
1214
1180
1472
1094
1107
1281
1384
1043
1246
1226
1041
1352
1514
1251
1098
1101
1039
1048
1028
1115
1139
1155
1083
1166
1425
1350
1497
1339
1337
1152
1495
1411
1496
1401
1189
1320
1274
1312
1228
1184
1293
1208
1234
1384
1128
1230
1117
1179
1420
1134
1180
2515
58	68
269	279
385	395
182	192
104	114
794	804
865	875
720	730
470	480
286	296
464	474
495	505
51	61
315	325
777	787
427	437
89	99
179	189
571	581
899	909
662	672
916	926
183	193
318	328
769	779
750	760
524	534
80	90
1000	1010
159	169
558	568
521	531
956	966
488	498
607	617
426	436
59	69
92	102
437	447
210	220
298	308
143	153
800	810
667	677
802	812
647	657
199	209
691	701
111	121
421	431
878	888
351	361
965	975
779	789
444	454
424	434
532	542
18	28
507	517
612	622
721	731
727	737
832	842
358	368
313	323
56	66
324	334
919	929
956	966
572	582
575	585
338	348
591	601
730	740
915	925
302	312
821	831
839	849
583	593
477	487
776	786
855	865
992	1002
971	981
237	247
402	412
382	392
72	82
15	25
721	731
855	865
962	972
162	172
920	930
461	471
961	971
475	485
120	130
775	785
189	199
989	999
374	384
118	128
26	36
151	161
213	223
685	695
34	44
705	715
808	818
460	470
613	623
188	198
897	907
744	754
878	888
492	502
553	563
537	547
877	887
188	198
21	31
437	447
890	900
436	446
901	911
79	89
368	378
585	595
546	556
193	203
766	776
242	252
247	257
252	262
873	883
328	338
761	771
879	889
668	678
893	903
901	911
842	852
380	390
377	387
258	268
732	742
402	412
10	20
841	851
820	830
523	533
796	806
995	1005
865	875
521	531
705	715
340	350
877	887
354	364
348	358
565	575
608	618
717	727
82	92
317	327
672	682
283	293
58	68
542	552
183	193
460	470
266	276
173	183
925	935
144	154
770	780
340	350
523	533
41	51
208	218
119	129
454	464
228	238
99	109
10	20
872	882
14	24
364	374
523	533
447	457
607	617
226	236
109	119
57	67
323	333
985	995
405	415
255	265
514	524
94	104
732	742
288	298
742	752
648	658
94	104
596	606
901	911
755	765
790	800
516	526
850	860
753	763
968	978
340	350
57	67
156	166
207	217
87	97
21	31
759	769
128	138
645	655
458	468
126	136
327	337
436	446
32	42
686	696
704	714
547	557
426	436
760	770
689	699
545	555
365	375
259	269
711	721
964	974
378	388
23	33
296	306
212	222
819	829
290	300
390	400
425	435
897	907
612	622
863	873
815	825
370	380
687	697
572	582
911	921
125	135
904	914
421	431
574	584
655	665
983	993
111	121
289	299
822	832
34	44
598	608
528	538
264	274
132	142
587	597
533	543
166	176
209	219
423	433
671	681
604	614
732	742
970	980
358	368
432	442
752	762
295	305
504	514
260	270
900	910
601	611
985	995
587	597
749	759
485	495
189	199
324	334
800	810
864	874
829	839
230	240
554	564
745	755
513	523
680	690
798	808
761	771
281	291
631	641
537	547
984	994
272	282
771	781
127	137
829	839
84	94
14	24
683	693
754	764
465	475
113	123
394	404
577	587
45	55
545	555
849	859
843	853
883	893
444	454
285	295
938	948
711	721
976	986
692	702
583	593
606	616
299	309
778	788
983	993
622	632
920	930
731	741
569	579
932	942
396	406
720	730
572	582
840	850
894	904
880	890
623	633
790	800
648	658
185	195
431	441
542	552
581	591
777	787
600	610
196	206
605	615
738	748
590	600
30	40
132	142
247	257
335	345
88	98
882	892
739	749
246	256
356	366
14	24
346	356
49	59
701	711
766	776
823	833
434	444
521	531
