90
180
469
461
593
513
526
498
516
456
419
422
525
473
451
593
529
456
456
503
412
518
450
499
417
403
409
591
427
596
413
471
461
477
433
543
559
456
512
585
474
582
534
548
566
446
417
434
458
460
401
512
484
572
566
403
450
463
434
577
536
549
423
494
410
516
490
400
461
551
440
565
457
555
407
564
561
422
552
441
478
544
580
573
513
519
453
509
560
446
502
1265
175	185
596	606
452	462
710	720
24	34
433	443
708	718
680	690
754	764
313	323
277	287
920	930
527	537
548	558
602	612
650	660
557	567
58	68
636	646
579	589
931	941
232	242
487	497
807	817
391	401
908	918
689	699
384	394
959	969
239	249
20	30
482	492
657	667
866	876
760	770
53	63
324	334
900	910
209	219
849	859
253	263
255	265
618	628
768	778
276	286
379	389
359	369
381	391
904	914
906	916
133	143
770	780
194	204
470	480
723	733
739	749
642	652
60	70
791	801
124	134
389	399
692	702
830	840
180	190
448	458
454	464
865	875
140	150
683	693
391	401
356	366
572	582
576	586
657	667
40	50
933	943
766	776
357	367
363	373
272	282
720	730
595	605
660	670
788	798
885	895
839	849
925	935
543	553
501	511
611	621
656	666
914	924
487	497
713	723
261	271
418	428
89	99
909	919
349	359
381	391
99	109
517	527
741	751
344	354
636	646
417	427
196	206
622	632
293	303
899	909
494	504
280	290
266	276
395	405
259	269
89	99
931	941
158	168
145	155
960	970
978	988
915	925
864	874
812	822
926	936
499	509
956	966
78	88
486	496
577	587
344	354
283	293
315	325
148	158
68	78
163	173
569	579
184	194
394	404
321	331
31	41
864	874
537	547
990	1000
295	305
614	624
380	390
146	156
936	946
321	331
764	774
321	331
475	485
944	954
442	452
559	569
348	358
349	359
36	46
259	269
64	74
543	553
894	904
246	256
68	78
365	375
305	315
590	600
16	26
376	386
570	580
291	301
987	997
334	344
571	581
379	389
804	814
276	286
388	398
419	429
