150
300
453
510
477
437
550
595
564
566
644
453
487
512
554
582
456
441
458
463
561
523
470
528
434
483
474
609
612
553
569
574
593
518
542
432
625
473
460
431
615
501
610
534
527
537
613
522
555
619
430
436
541
517
517
511
464
625
567
463
480
544
480
600
569
618
626
627
611
515
579
596
510
440
508
446
474
573
595
501
494
642
532
555
470
529
573
495
564
451
616
476
445
549
434
567
472
435
465
434
430
540
604
606
566
478
539
598
539
602
605
644
472
495
442
514
535
577
576
509
532
501
438
480
476
635
439
516
631
440
471
607
460
470
501
446
579
438
569
587
498
638
636
565
635
617
450
622
449
561
518
2027
806	806
206	206
582	582
740	740
78	78
136	136
387	387
831	831
574	574
891	891
181	181
337	337
292	292
327	327
864	864
82	82
204	204
373	373
185	185
671	671
578	578
522	522
468	468
894	894
417	417
466	466
998	998
902	902
878	878
841	841
322	322
549	549
56	56
27	27
594	594
745	745
386	386
678	678
489	489
282	282
888	888
898	898
736	736
834	834
367	367
82	82
786	786
561	561
980	980
310	310
185	185
636	636
436	436
414	414
657	657
717	717
881	881
386	386
67	67
592	592
721	721
50	50
183	183
887	887
835	835
675	675
574	574
99	99
586	586
387	387
23	23
791	791
690	690
787	787
655	655
706	706
58	58
490	490
40	40
684	684
206	206
264	264
795	795
472	472
542	542
916	916
43	43
920	920
954	954
482	482
658	658
588	588
632	632
147	147
60	60
665	665
85	85
822	822
543	543
660	660
257	257
591	591
27	27
763	763
743	743
777	777
413	413
714	714
390	390
725	725
580	580
65	65
622	622
149	149
103	103
102	102
656	656
964	964
901	901
217	217
660	660
758	758
849	849
971	971
362	362
287	287
572	572
74	74
395	395
827	827
749	749
158	158
266	266
998	998
848	848
281	281
328	328
720	720
582	582
526	526
703	703
983	983
829	829
600	600
639	639
701	701
388	388
82	82
770	770
841	841
854	854
663	663
909	909
984	984
735	735
997	997
886	886
719	719
916	916
730	730
226	226
747	747
354	354
319	319
789	789
295	295
485	485
589	589
802	802
238	238
645	645
639	639
634	634
764	764
760	760
583	583
683	683
310	310
796	796
204	204
250	250
803	803
261	261
906	906
337	337
566	566
309	309
551	551
373	373
131	131
982	982
711	711
648	648
214	214
534	534
722	722
314	314
498	498
407	407
452	452
188	188
571	571
249	249
522	522
52	52
596	596
910	910
785	785
750	750
905	905
504	504
29	29
673	673
409	409
710	710
882	882
253	253
532	532
789	789
542	542
458	458
27	27
960	960
312	312
781	781
608	608
580	580
910	910
470	470
561	561
729	729
982	982
178	178
484	484
992	992
605	605
114	114
245	245
325	325
295	295
739	739
214	214
836	836
937	937
811	811
244	244
645	645
895	895
943	943
552	552
188	188
851	851
828	828
288	288
608	608
453	453
244	244
833	833
743	743
266	266
340	340
785	785
871	871
875	875
443	443
621	621
605	605
31	31
292	292
568	568
534	534
611	611
250	250
560	560
109	109
310	310
854	854
131	131
792	792
749	749
282	282
992	992
843	843
143	143
674	674
894	894
315	315
434	434
668	668
684	684
317	317
183	183
165	165
580	580
89	89
914	914
231	231
141	141
685	685
20	20
