75
225
617
849
878
680
613
783
811
621
812
740
819
614
847
701
692
842
758
731
742
704
718
678
748
856
607
871
881
635
836
599
652
705
783
727
611
617
614
799
785
813
841
629
672
851
667
723
719
807
742
615
886
789
686
648
604
790
778
759
760
843
622
601
716
634
742
684
740
834
612
870
636
637
725
754
1731
546	546
719	719
727	727
627	627
231	231
195	195
89	89
841	841
559	559
575	575
618	618
139	139
197	197
282	282
56	56
119	119
386	386
489	489
704	704
673	673
477	477
782	782
157	157
717	717
684	684
966	966
376	376
85	85
49	49
751	751
221	221
822	822
623	623
958	958
374	374
906	906
255	255
956	956
767	767
530	530
60	60
788	788
768	768
743	743
823	823
56	56
319	319
833	833
333	333
639	639
327	327
445	445
666	666
358	358
57	57
488	488
87	87
174	174
639	639
524	524
179	179
234	234
23	23
762	762
893	893
61	61
468	468
533	533
57	57
674	674
332	332
778	778
631	631
476	476
723	723
103	103
950	950
212	212
737	737
538	538
167	167
575	575
343	343
50	50
761	761
881	881
665	665
244	244
958	958
698	698
868	868
101	101
182	182
171	171
231	231
800	800
371	371
127	127
796	796
72	72
512	512
218	218
599	599
558	558
981	981
934	934
34	34
694	694
225	225
223	223
246	246
779	779
536	536
659	659
592	592
433	433
304	304
628	628
410	410
463	463
272	272
448	448
395	395
219	219
943	943
18	18
816	816
616	616
218	218
971	971
256	256
652	652
949	949
424	424
247	247
996	996
49	49
914	914
661	661
861	861
902	902
458	458
524	524
361	361
79	79
29	29
284	284
262	262
712	712
949	949
333	333
72	72
721	721
74	74
902	902
195	195
144	144
260	260
468	468
249	249
706	706
859	859
223	223
396	396
655	655
180	180
895	895
474	474
707	707
589	589
965	965
830	830
845	845
521	521
370	370
495	495
829	829
172	172
976	976
879	879
803	803
318	318
516	516
14	14
532	532
525	525
468	468
967	967
981	981
419	419
814	814
835	835
419	419
663	663
584	584
166	166
279	279
391	391
97	97
644	644
113	113
890	890
857	857
336	336
660	660
912	912
340	340
451	451
763	763
97	97
691	691
490	490
279	279
84	84
17	17
733	733
812	812
470	470
576	576
402	402
279	279
118	118
537	537
34	34
819	819
