75
375
1211
1524
1151
1445
1421
1210
1460
1460
1435
1057
1044
1305
1309
1225
1483
1315
1205
1315
1179
1369
1372
1422
1396
1214
1180
1472
1094
1107
1281
1384
1043
1246
1226
1041
1352
1514
1251
1098
1101
1039
1048
1028
1115
1139
1155
1083
1166
1425
1350
1497
1339
1337
1152
1495
1411
1496
1401
1189
1320
1274
1312
1228
1184
1293
1208
1234
1384
1128
1230
1117
1179
1420
1134
1180
2515
58	58
269	269
385	385
182	182
104	104
794	794
865	865
720	720
470	470
286	286
464	464
495	495
51	51
315	315
777	777
427	427
89	89
179	179
571	571
899	899
662	662
916	916
183	183
318	318
769	769
750	750
524	524
80	80
1000	1000
159	159
558	558
521	521
956	956
488	488
607	607
426	426
59	59
92	92
437	437
210	210
298	298
143	143
800	800
667	667
802	802
647	647
199	199
691	691
111	111
421	421
878	878
351	351
965	965
779	779
444	444
424	424
532	532
18	18
507	507
612	612
721	721
727	727
832	832
358	358
313	313
56	56
324	324
919	919
956	956
572	572
575	575
338	338
591	591
730	730
915	915
302	302
821	821
839	839
583	583
477	477
776	776
855	855
992	992
971	971
237	237
402	402
382	382
72	72
15	15
721	721
855	855
962	962
162	162
920	920
461	461
961	961
475	475
120	120
775	775
189	189
989	989
374	374
118	118
26	26
151	151
213	213
685	685
34	34
705	705
808	808
460	460
613	613
188	188
897	897
744	744
878	878
492	492
553	553
537	537
877	877
188	188
21	21
437	437
890	890
436	436
901	901
79	79
368	368
585	585
546	546
193	193
766	766
242	242
247	247
252	252
873	873
328	328
761	761
879	879
668	668
893	893
901	901
842	842
380	380
377	377
258	258
732	732
402	402
10	10
841	841
820	820
523	523
796	796
995	995
865	865
521	521
705	705
340	340
877	877
354	354
348	348
565	565
608	608
717	717
82	82
317	317
672	672
283	283
58	58
542	542
183	183
460	460
266	266
173	173
925	925
144	144
770	770
340	340
523	523
41	41
208	208
119	119
454	454
228	228
99	99
10	10
872	872
14	14
364	364
523	523
447	447
607	607
226	226
109	109
57	57
323	323
985	985
405	405
255	255
514	514
94	94
732	732
288	288
742	742
648	648
94	94
596	596
901	901
755	755
790	790
516	516
850	850
753	753
968	968
340	340
57	57
156	156
207	207
87	87
21	21
759	759
128	128
645	645
458	458
126	126
327	327
436	436
32	32
686	686
704	704
547	547
426	426
760	760
689	689
545	545
365	365
259	259
711	711
964	964
378	378
23	23
296	296
212	212
819	819
290	290
390	390
425	425
897	897
612	612
863	863
815	815
370	370
687	687
572	572
911	911
125	125
904	904
421	421
574	574
655	655
983	983
111	111
289	289
822	822
34	34
598	598
528	528
264	264
132	132
587	587
533	533
166	166
209	209
423	423
671	671
604	604
732	732
970	970
358	358
432	432
752	752
295	295
504	504
260	260
900	900
601	601
985	985
587	587
749	749
485	485
189	189
324	324
800	800
864	864
829	829
230	230
554	554
745	745
513	513
680	680
798	798
761	761
281	281
631	631
537	537
984	984
272	272
771	771
127	127
829	829
84	84
14	14
683	683
754	754
465	465
113	113
394	394
577	577
45	45
545	545
849	849
843	843
883	883
444	444
285	285
938	938
711	711
976	976
692	692
583	583
606	606
299	299
778	778
983	983
622	622
920	920
731	731
569	569
932	932
396	396
720	720
572	572
840	840
894	894
880	880
623	623
790	790
648	648
185	185
431	431
542	542
581	581
777	777
600	600
196	196
605	605
738	738
590	590
30	30
132	132
247	247
335	335
88	88
882	882
739	739
246	246
356	356
14	14
346	346
49	49
701	701
766	766
823	823
434	434
521	521
