75
225
644
769
748
818
716
641
669
649
858
738
737
686
740
896
766
789
703
619
660
873
893
633
904
619
882
838
653
611
894
786
704
874
629
639
901
893
725
723
771
642
669
664
869
657
828
645
783
750
795
834
744
806
791
666
721
721
903
770
704
668
809
900
825
630
771
720
620
701
808
671
622
856
899
791
1804
695	695
762	762
608	608
583	583
926	926
57	57
160	160
221	221
278	278
615	615
462	462
195	195
327	327
77	77
242	242
979	979
995	995
800	800
256	256
801	801
403	403
206	206
597	597
106	106
646	646
587	587
482	482
287	287
921	921
608	608
482	482
924	924
544	544
585	585
180	180
768	768
474	474
24	24
123	123
727	727
596	596
19	19
106	106
405	405
666	666
235	235
389	389
307	307
117	117
800	800
878	878
283	283
597	597
900	900
207	207
932	932
244	244
706	706
986	986
330	330
63	63
983	983
524	524
255	255
923	923
754	754
558	558
193	193
571	571
380	380
70	70
525	525
739	739
958	958
761	761
564	564
745	745
368	368
446	446
735	735
910	910
696	696
161	161
554	554
193	193
276	276
107	107
994	994
492	492
682	682
929	929
943	943
585	585
377	377
960	960
31	31
705	705
624	624
779	779
757	757
795	795
738	738
175	175
885	885
267	267
595	595
100	100
53	53
896	896
606	606
281	281
486	486
976	976
814	814
492	492
592	592
735	735
241	241
318	318
691	691
271	271
172	172
939	939
964	964
356	356
429	429
977	977
178	178
249	249
436	436
638	638
434	434
495	495
943	943
110	110
469	469
356	356
951	951
518	518
74	74
424	424
194	194
187	187
325	325
393	393
193	193
990	990
333	333
693	693
754	754
896	896
117	117
939	939
519	519
160	160
319	319
120	120
163	163
788	788
190	190
409	409
1000	1000
622	622
199	199
108	108
277	277
511	511
546	546
431	431
774	774
878	878
76	76
518	518
912	912
427	427
458	458
660	660
679	679
410	410
804	804
227	227
157	157
14	14
725	725
122	122
918	918
277	277
756	756
585	585
951	951
770	770
124	124
224	224
179	179
728	728
997	997
896	896
168	168
193	193
836	836
416	416
632	632
804	804
336	336
352	352
552	552
567	567
727	727
665	665
850	850
117	117
886	886
711	711
127	127
106	106
566	566
962	962
203	203
831	831
221	221
184	184
235	235
607	607
466	466
349	349
