75
225
687
725
814
676
783
718
720
665
869
882
658
847
665
807
686
664
787
882
900
766
708
664
611
831
873
681
765
776
879
720
653
865
735
778
653
742
610
867
757
659
723
799
869
692
775
860
776
642
863
864
663
673
810
644
739
643
776
700
702
671
673
725
873
639
828
813
855
655
858
643
893
724
813
683
1011
701	701
125	125
391	391
734	734
608	608
365	365
315	315
148	148
348	348
381	381
604	604
816	816
231	231
184	184
71	71
784	784
643	643
625	625
864	864
347	347
107	107
331	331
849	849
183	183
151	151
145	145
78	78
914	914
612	612
675	675
418	418
906	906
947	947
437	437
506	506
586	586
508	508
489	489
903	903
301	301
591	591
232	232
620	620
340	340
287	287
812	812
793	793
827	827
675	675
26	26
390	390
365	365
673	673
589	589
807	807
480	480
912	912
817	817
348	348
418	418
997	997
98	98
991	991
408	408
348	348
173	173
267	267
614	614
425	425
324	324
842	842
428	428
369	369
476	476
473	473
193	193
423	423
897	897
695	695
958	958
232	232
710	710
396	396
968	968
756	756
529	529
128	128
974	974
533	533
337	337
410	410
62	62
778	778
235	235
539	539
877	877
463	463
993	993
969	969
171	171
49	49
136	136
843	843
836	836
144	144
126	126
94	94
518	518
417	417
635	635
251	251
152	152
924	924
620	620
838	838
699	699
98	98
669	669
301	301
373	373
717	717
340	340
572	572
697	697
379	379
275	275
838	838
218	218
772	772
825	825
172	172
827	827
423	423
825	825
133	133
940	940
212	212
535	535
637	637
97	97
218	218
121	121
559	559
330	330
100	100
641	641
845	845
581	581
57	57
370	370
470	470
585	585
291	291
975	975
917	917
891	891
521	521
99	99
266	266
400	400
588	588
868	868
494	494
878	878
50	50
279	279
743	743
920	920
706	706
384	384
580	580
127	127
396	396
145	145
310	310
471	471
96	96
236	236
640	640
20	20
306	306
809	809
338	338
450	450
954	954
442	442
897	897
636	636
441	441
413	413
863	863
451	451
185	185
568	568
815	815
109	109
898	898
915	915
315	315
322	322
800	800
499	499
285	285
386	386
833	833
340	340
999	999
642	642
47	47
887	887
607	607
38	38
23	23
951	951
502	502
887	887
213	213
280	280
128	128
549	549
599	599
834	834
540	540
357	357
727	727
