75
225
825
969
789
952
725
823
869
764
702
911
945
852
910
782
744
749
692
845
868
739
657
853
668
963
830
729
852
886
956
777
729
723
679
856
781
965
728
667
921
672
836
822
697
965
846
736
665
944
750
703
815
838
870
712
679
835
863
861
952
720
697
894
833
876
854
912
823
715
866
885
792
678
882
895
1039
736	638
924	961
270	247
988	1058
968	910
47	46
122	86
978	958
118	207
307	233
416	454
702	624
723	721
298	222
529	607
689	734
992	1028
274	176
469	387
138	181
133	147
897	938
657	561
307	232
649	599
483	563
975	985
286	252
247	211
887	815
756	712
524	551
817	817
191	265
870	937
979	1022
804	857
700	681
336	276
807	712
932	964
42	86
661	729
688	591
960	934
35	86
25	26
99	129
40	6
149	171
546	518
713	617
752	830
548	497
259	183
486	456
834	762
831	748
993	1034
640	543
629	640
846	779
701	624
875	963
346	278
950	930
277	186
83	115
697	752
341	399
417	462
646	678
336	376
301	213
521	473
366	287
855	880
687	691
839	808
62	21
262	286
967	937
790	880
81	106
595	497
553	644
79	63
371	355
455	540
416	395
344	443
796	893
269	220
868	784
711	750
928	965
69	17
146	156
686	692
208	264
124	78
761	721
863	803
85	63
505	568
400	435
458	524
353	365
286	199
471	477
616	545
360	368
515	514
786	760
768	684
632	675
640	638
440	481
346	358
446	454
624	609
625	705
300	369
449	367
800	726
749	707
54	148
159	226
395	469
407	457
13	27
367	304
923	843
493	439
339	355
418	326
616	575
151	138
723	656
917	876
195	144
189	183
206	130
842	799
858	835
663	646
352	413
313	310
549	454
669	762
465	393
327	342
263	248
920	1012
908	852
768	862
770	813
571	654
238	142
868	886
263	291
250	155
839	902
919	836
869	859
869	900
634	668
221	223
939	873
117	24
445	454
977	912
833	781
647	632
190	200
557	460
101	147
556	603
563	626
746	713
952	984
789	747
424	416
934	1025
354	404
964	907
916	866
948	948
960	1018
426	329
613	596
329	314
311	221
627	661
238	300
307	232
167	110
753	841
307	325
620	626
738	794
439	389
572	538
578	507
370	404
548	612
973	904
899	861
398	363
198	117
867	906
536	617
360	282
722	772
719	640
509	516
531	465
908	1003
668	678
593	680
626	625
295	201
696	633
108	155
963	1003
