90
180
485
437
521
604
432
434
616
481
567
458
622
514
612
600
465
599
521
476
510
444
624
483
632
552
488
488
474
498
480
562
606
537
567
506
423
486
444
459
551
485
569
550
586
527
495
616
511
573
594
464
447
632
485
433
476
590
600
572
593
555
436
459
475
571
540
575
506
501
451
510
543
473
423
499
448
555
551
621
585
452
520
529
515
538
607
606
457
566
481
1027
558	568
308	318
207	217
819	829
604	614
584	594
820	830
598	608
482	492
378	388
996	1006
233	243
688	698
913	923
544	554
433	443
870	880
39	49
860	870
681	691
49	59
89	99
391	401
325	335
156	166
971	981
750	760
294	304
286	296
490	500
937	947
317	327
604	614
652	662
813	823
741	751
553	563
315	325
368	378
634	644
163	173
631	641
683	693
86	96
870	880
201	211
248	258
799	809
336	346
323	333
99	109
748	758
60	70
597	607
998	1008
412	422
889	899
535	545
67	77
902	912
377	387
914	924
993	1003
578	588
435	445
624	634
766	776
335	345
365	375
201	211
490	500
252	262
335	345
43	53
460	470
485	495
270	280
389	399
407	417
647	657
331	341
917	927
80	90
137	147
846	856
105	115
163	173
656	666
852	862
133	143
483	493
748	758
975	985
615	625
422	432
924	934
701	711
455	465
432	442
810	820
900	910
497	507
810	820
262	272
814	824
357	367
124	134
188	198
831	841
737	747
534	544
912	922
230	240
445	455
490	500
373	383
873	883
308	318
263	273
594	604
902	912
235	245
591	601
553	563
373	383
753	763
505	515
424	434
169	179
10	20
477	487
171	181
344	354
245	255
120	130
715	725
460	470
902	912
958	968
696	706
298	308
667	677
966	976
974	984
304	314
876	886
195	205
899	909
294	304
886	896
470	480
857	867
211	221
948	958
401	411
808	818
595	605
671	681
638	648
621	631
876	886
643	653
210	220
29	39
876	886
692	702
87	97
969	979
539	549
645	655
515	525
303	313
880	890
496	506
822	832
380	390
130	140
901	911
668	678
729	739
