150
300
453
416
511
600
436
574
583
557
430
440
506
467
567
532
601
511
434
508
446
600
511
490
568
556
493
509
596
457
566
541
593
571
486
575
433
543
500
607
473
514
425
536
597
528
570
423
474
595
555
451
573
574
533
563
554
454
417
571
517
586
455
464
515
443
465
526
537
500
476
448
528
468
425
538
433
561
545
608
471
606
602
525
440
449
615
527
470
603
513
564
501
566
530
458
503
465
524
458
476
557
491
434
473
429
586
476
483
485
461
433
436
424
618
553
453
489
456
533
607
542
483
446
562
546
551
541
499
576
494
529
460
452
563
612
521
562
568
529
444
450
547
544
556
522
424
589
502
526
433
1150
29	39
660	670
507	517
428	438
987	997
343	353
226	236
19	29
710	720
870	880
98	108
53	63
781	791
497	507
414	424
671	681
925	935
940	950
491	501
98	108
554	564
814	824
324	334
397	407
878	888
73	83
669	679
619	629
204	214
765	775
982	992
983	993
367	377
150	160
897	907
265	275
741	751
626	636
266	276
127	137
672	682
373	383
34	44
203	213
643	653
223	233
175	185
984	994
910	920
300	310
752	762
975	985
783	793
383	393
114	124
638	648
852	862
502	512
244	254
353	363
185	195
876	886
531	541
425	435
40	50
842	852
402	412
430	440
889	899
89	99
489	499
30	40
479	489
471	481
768	778
53	63
136	146
295	305
60	70
346	356
934	944
397	407
125	135
868	878
522	532
527	537
859	869
935	945
280	290
580	590
677	687
140	150
528	538
925	935
442	452
973	983
778	788
52	62
790	800
39	49
447	457
94	104
780	790
12	22
599	609
885	895
428	438
464	474
713	723
777	787
142	152
56	66
664	674
650	660
362	372
922	932
886	896
212	222
838	848
699	709
935	945
872	882
607	617
556	566
160	170
98	108
507	517
607	617
977	987
549	559
761	771
92	102
583	593
249	259
788	798
722	732
408	418
973	983
214	224
279	289
957	967
907	917
924	934
654	664
394	404
241	251
277	287
998	1008
184	194
683	693
813	823
824	834
593	603
520	530
690	700
760	770
420	430
722	732
950	960
710	720
979	989
905	915
168	178
561	571
842	852
265	275
530	540
198	208
968	978
785	795
172	182
421	431
866	876
153	163
431	441
270	280
253	263
965	975
567	577
988	998
60	70
179	189
185	195
457	467
630	640
353	363
557	567
73	83
961	971
267	277
702	712
915	925
701	711
189	199
813	823
268	278
76	86
14	24
582	592
873	883
73	83
11	21
575	585
395	405
673	683
861	871
354	364
303	313
269	279
419	429
112	122
686	696
473	483
142	152
706	716
361	371
405	415
966	976
930	940
560	570
612	622
400	410
53	63
360	370
86	96
213	223
439	449
838	848
212	222
592	602
101	111
716	726
368	378
947	957
610	620
797	807
842	852
976	986
831	841
536	546
109	119
597	607
796	806
776	786
688	698
264	274
853	863
604	614
833	843
479	489
581	591
289	299
547	557
837	847
909	919
721	731
637	647
440	450
53	63
33	43
697	707
156	166
786	796
907	917
307	317
639	649
551	561
205	215
283	293
202	212
386	396
383	393
200	210
351	361
444	454
789	799
72	82
271	281
462	472
632	642
746	756
677	687
296	306
135	145
187	197
536	546
716	726
874	884
779	789
964	974
437	447
273	283
151	161
992	1002
737	747
145	155
91	101
724	734
642	652
931	941
