150
300
415
493
561
481
576
455
510
613
574
459
545
579
527
420
415
529
541
594
608
486
545
510
442
553
541
533
423
560
542
479
589
416
590
560
445
599
597
431
616
456
480
553
447
529
556
512
433
524
567
493
505
598
554
590
563
606
532
521
482
543
422
541
501
430
598
455
466
419
555
441
513
496
556
414
587
509
530
454
490
561
435
541
429
614
603
415
561
516
582
566
436
563
538
548
584
525
526
535
601
504
597
582
503
468
477
454
450
459
490
465
561
423
440
432
612
597
481
429
617
525
460
506
495
486
481
456
474
609
440
428
571
580
424
524
459
539
459
476
473
500
573
586
565
598
442
534
582
432
549
1035
614	42
902	491
942	699
63	922
739	980
19	149
750	811
767	740
941	529
76	319
683	756
180	733
377	605
167	594
995	828
674	928
963	464
485	82
802	211
347	413
16	446
733	952
826	305
291	782
645	29
715	697
842	222
885	985
422	75
990	797
634	679
474	577
722	997
627	553
420	928
649	292
215	969
299	333
287	220
490	110
974	981
302	598
19	775
864	93
174	613
421	645
449	133
119	644
364	145
972	751
584	384
496	464
185	821
498	643
405	878
983	614
139	688
648	71
103	640
287	818
643	677
93	3
239	581
465	185
926	13
804	84
194	564
704	545
127	178
509	723
239	278
826	588
813	517
556	884
838	562
417	328
231	322
953	759
632	398
550	201
703	999
959	986
828	669
73	254
737	744
332	276
927	171
97	200
150	670
54	364
813	731
764	663
742	971
806	592
108	410
376	796
597	104
61	143
262	881
739	487
899	592
598	191
471	223
829	259
556	714
191	95
761	789
938	805
316	810
197	671
22	192
366	17
754	464
266	35
933	66
843	14
54	856
515	684
606	849
589	749
971	49
466	686
989	590
779	77
754	694
104	187
835	464
981	785
691	208
528	167
354	71
802	240
56	274
117	690
256	145
878	61
696	371
14	1
975	208
161	509
921	7
346	661
730	698
733	892
550	902
360	298
700	959
145	288
212	412
796	10
98	959
259	691
454	512
843	463
33	930
312	469
310	965
313	333
765	582
479	841
643	108
961	213
342	708
544	843
993	440
933	859
646	283
757	313
338	600
370	753
287	723
379	807
692	688
25	466
112	252
116	240
848	521
131	256
393	581
866	308
583	588
397	318
461	397
275	4
810	131
802	575
852	77
798	168
499	289
259	884
688	60
700	106
287	436
453	490
945	218
12	953
310	922
679	418
850	493
909	719
903	897
18	888
746	391
187	450
185	782
373	900
280	574
478	95
754	447
57	540
867	547
215	922
207	105
986	520
305	747
95	816
815	827
423	212
868	281
236	349
891	248
352	618
737	42
900	270
116	745
735	285
117	408
773	72
347	401
230	471
863	248
259	831
439	911
163	324
102	579
886	41
95	599
877	165
703	696
413	104
894	122
20	398
469	625
154	827
502	906
858	912
817	138
92	405
829	438
185	488
141	101
62	805
656	348
345	694
774	753
796	708
953	434
35	39
496	470
958	90
676	243
129	507
23	170
240	354
561	369
751	63
598	344
81	329
846	69
757	844
389	107
892	835
505	905
496	695
914	663
929	870
442	478
819	175
607	617
714	901
555	654
167	130
985	18
256	710
290	708
777	352
933	104
764	876
254	55
882	574
164	444
88	814
663	899
388	629
243	965
637	375
244	151
15	793
782	52
64	684
