150
300
484
526
419
536
580
538
486
540
513
430
577
453
503
553
503
600
502
453
567
423
485
541
442
431
473
500
425
499
584
497
511
508
504
549
571
420
471
608
464
442
543
421
457
551
443
613
420
605
556
443
542
516
446
551
429
584
551
430
480
463
490
599
555
567
428
514
485
446
457
542
473
571
585
529
488
418
536
562
563
606
529
489
612
443
506
457
584
469
591
606
465
571
481
431
479
412
580
502
614
475
553
461
479
443
418
482
544
515
470
571
504
443
498
571
444
418
570
444
584
529
489
468
605
563
526
481
607
559
525
429
582
459
445
470
593
606
574
563
494
554
530
530
502
454
476
439
440
476
416
1426
814	37
564	254
351	539
542	974
590	534
741	119
231	828
30	766
607	266
233	762
734	329
112	421
119	456
994	493
75	314
647	691
966	74
720	619
956	300
448	998
376	654
489	20
405	343
823	926
363	126
781	883
89	30
808	218
404	288
467	240
126	578
239	457
167	295
151	52
939	639
999	562
635	857
503	175
427	430
379	285
31	151
522	13
856	658
908	39
833	984
352	60
143	611
423	986
400	126
931	752
264	581
500	51
237	128
607	504
786	770
626	810
524	614
525	911
340	740
87	22
723	296
256	51
462	515
135	542
580	455
280	577
514	157
128	889
995	682
252	511
415	585
356	135
869	946
431	456
243	348
895	805
482	62
210	123
793	405
861	197
839	793
996	197
601	480
829	164
854	359
912	819
987	414
970	698
128	43
848	417
909	402
628	765
549	660
282	846
483	702
86	223
93	116
826	173
192	740
346	307
702	463
456	405
513	334
731	908
368	194
825	146
142	63
381	550
341	89
970	674
429	680
946	163
457	792
60	417
440	140
87	415
468	691
24	669
601	507
838	909
585	382
768	650
400	338
157	776
301	510
158	880
905	850
397	530
52	189
78	264
884	957
371	856
178	971
988	827
450	868
20	348
996	287
255	523
542	548
459	26
40	314
788	391
957	340
188	340
69	532
640	100
761	785
295	966
884	621
62	214
741	898
996	843
793	750
156	707
54	788
893	694
926	517
218	489
925	287
842	345
545	509
815	195
732	759
705	889
631	659
138	56
609	692
115	816
64	538
579	339
771	234
574	834
657	368
993	804
913	138
608	800
820	966
827	478
100	791
104	665
472	260
571	695
869	586
494	588
976	347
13	835
393	838
498	543
797	273
139	625
269	189
668	699
1000	985
337	925
583	409
991	909
500	64
883	60
785	996
262	55
968	338
217	35
819	633
569	421
960	802
730	56
154	976
791	768
423	269
164	935
495	918
611	438
908	336
828	967
181	651
94	544
161	525
209	131
612	426
330	267
860	987
256	393
49	884
642	472
383	219
498	262
692	630
739	572
864	339
522	120
369	54
565	425
887	695
165	666
876	874
85	387
112	251
404	444
125	841
647	315
220	162
705	8
480	239
270	367
563	730
314	38
250	325
895	264
555	253
753	73
305	407
960	123
478	714
182	744
58	85
75	465
235	122
578	398
783	219
714	615
228	323
912	666
146	57
271	670
440	305
761	136
996	771
946	484
713	960
946	110
879	634
807	897
828	51
12	312
973	49
309	379
185	400
222	533
13	457
557	451
65	882
395	759
651	254
642	286
598	430
316	14
351	583
724	557
449	526
385	446
57	594
231	925
661	401
472	284
370	277
411	919
771	944
29	734
507	454
680	544
