150
300
606
455
587
421
414
513
461
558
412
537
408
439
581
429
551
429
581
484
573
609
409
498
449
430
469
466
505
431
438
523
519
438
430
570
429
484
534
450
537
417
526
566
484
445
504
460
542
409
556
438
548
432
452
409
604
574
594
459
591
428
425
414
454
435
571
559
471
529
495
561
601
452
462
489
430
439
497
424
522
527
510
426
581
504
454
479
545
509
560
436
567
413
470
488
522
520
469
468
563
473
537
525
426
601
477
586
559
519
411
607
416
530
408
563
558
582
436
555
424
477
514
549
471
416
555
604
562
567
560
461
489
421
417
479
476
441
525
495
479
444
510
520
437
501
485
451
571
426
467
2647
549	549
821	821
919	919
434	434
552	552
155	155
349	349
396	396
306	306
185	185
667	667
45	45
185	185
838	838
755	755
369	369
559	559
611	611
328	328
711	711
80	80
887	887
632	632
764	764
866	866
771	771
915	915
920	920
115	115
970	970
548	548
219	219
838	838
746	746
69	69
836	836
749	749
689	689
835	835
260	260
227	227
936	936
84	84
121	121
648	648
720	720
581	581
930	930
515	515
833	833
632	632
308	308
928	928
865	865
381	381
325	325
441	441
371	371
714	714
300	300
80	80
738	738
598	598
999	999
699	699
880	880
698	698
796	796
329	329
384	384
92	92
311	311
453	453
755	755
506	506
788	788
638	638
386	386
89	89
927	927
846	846
441	441
256	256
524	524
949	949
363	363
737	737
51	51
458	458
672	672
113	113
251	251
945	945
327	327
676	676
578	578
738	738
528	528
528	528
280	280
386	386
47	47
658	658
526	526
457	457
955	955
503	503
51	51
647	647
71	71
26	26
297	297
753	753
46	46
539	539
513	513
961	961
37	37
192	192
296	296
113	113
727	727
772	772
285	285
215	215
950	950
56	56
789	789
735	735
681	681
682	682
474	474
599	599
118	118
616	616
519	519
409	409
701	701
662	662
973	973
479	479
306	306
909	909
661	661
527	527
161	161
275	275
522	522
425	425
840	840
708	708
63	63
941	941
872	872
421	421
143	143
185	185
478	478
562	562
197	197
501	501
315	315
400	400
814	814
147	147
346	346
125	125
596	596
839	839
117	117
83	83
965	965
624	624
74	74
181	181
433	433
363	363
272	272
274	274
37	37
158	158
389	389
251	251
899	899
288	288
26	26
323	323
722	722
408	408
55	55
944	944
837	837
678	678
420	420
214	214
835	835
689	689
842	842
770	770
702	702
132	132
151	151
940	940
316	316
953	953
763	763
740	740
639	639
618	618
693	693
786	786
557	557
679	679
432	432
386	386
154	154
617	617
114	114
721	721
972	972
140	140
264	264
645	645
546	546
283	283
634	634
23	23
107	107
482	482
166	166
266	266
484	484
734	734
665	665
879	879
665	665
41	41
231	231
623	623
756	756
625	625
649	649
372	372
974	974
93	93
301	301
664	664
630	630
328	328
51	51
499	499
72	72
187	187
133	133
989	989
895	895
948	948
757	757
953	953
542	542
195	195
343	343
792	792
84	84
106	106
624	624
622	622
781	781
795	795
531	531
350	350
219	219
678	678
320	320
737	737
81	81
707	707
557	557
207	207
1000	1000
897	897
509	509
492	492
341	341
797	797
46	46
960	960
911	911
700	700
426	426
460	460
57	57
261	261
725	725
592	592
469	469
825	825
549	549
389	389
520	520
