75
225
830
641
681
666
731
610
798
903
865
705
731
826
645
638
678
872
614
862
842
903
686
868
661
678
758
911
612
888
767
659
684
642
622
812
619
616
888
769
813
739
767
645
755
854
843
724
785
673
892
812
759
757
846
809
787
696
830
822
628
748
733
704
818
700
627
701
908
630
886
846
770
639
906
673
1413
860	760
513	571
318	272
611	515
646	672
575	613
854	846
409	452
44	51
549	600
387	395
937	1028
744	764
386	348
659	593
470	388
615	544
851	918
317	350
327	391
289	341
551	490
518	563
326	385
566	611
317	384
344	427
712	672
271	275
43	94
810	724
716	757
673	620
549	567
225	236
814	873
698	717
879	812
834	810
692	597
743	679
174	165
24	81
572	521
11	88
900	872
368	380
771	684
907	894
81	156
652	670
193	225
568	529
570	511
295	388
422	449
734	731
436	453
427	364
78	77
632	704
856	930
763	693
194	172
797	766
397	404
923	868
283	189
362	320
926	942
626	715
14	87
884	817
900	845
344	423
503	587
927	994
681	693
841	761
175	224
346	441
51	89
277	361
220	131
821	906
640	557
87	153
931	940
516	480
623	590
835	898
511	544
70	68
759	677
849	913
315	277
150	223
282	321
734	686
134	132
991	1032
210	274
958	928
494	428
772	703
633	638
359	409
877	834
667	671
770	755
799	837
972	959
709	625
224	227
658	627
792	816
88	32
104	61
402	441
749	777
212	277
106	20
837	872
851	895
977	944
499	594
890	936
499	495
525	581
460	382
605	655
601	590
566	575
459	382
520	509
591	627
125	92
595	525
367	445
273	185
593	592
530	476
627	672
486	538
536	608
936	1027
306	305
382	311
814	856
586	607
935	939
598	518
840	832
179	190
447	353
345	350
796	780
689	634
611	659
372	397
396	299
512	436
981	1049
921	826
244	246
756	775
513	447
858	919
476	554
741	782
97	9
118	107
917	882
963	987
151	103
159	158
781	856
324	282
313	302
460	436
21	42
546	552
727	637
231	288
89	7
559	571
618	582
197	136
56	19
386	429
704	608
477	565
157	222
684	736
376	342
49	87
221	223
623	625
374	287
255	190
767	753
60	98
768	761
823	774
319	276
333	292
327	265
666	685
57	58
174	255
524	486
234	157
762	727
61	68
57	69
476	524
103	60
212	152
538	483
575	514
50	61
881	964
244	246
698	718
101	80
