150
300
509
531
600
447
547
504
587
529
486
521
627
443
496
429
497
495
584
434
449
486
625
528
528
436
500
452
617
618
558
497
457
579
458
457
437
535
619
426
499
419
471
458
592
565
454
527
606
609
535
464
585
452
580
514
573
462
485
430
626
451
557
498
485
601
440
549
617
545
559
456
490
436
443
491
523
455
487
486
520
606
488
431
497
500
519
548
499
571
421
592
544
586
445
537
600
599
462
563
497
542
419
478
484
582
558
422
422
520
547
492
489
499
622
601
426
449
426
440
578
533
464
541
596
566
441
550
595
462
620
484
489
534
487
524
471
509
480
494
439
604
612
579
572
490
626
514
422
525
591
1861
484	474
857	902
28	97
809	841
803	892
395	315
710	708
490	584
71	2
565	512
764	688
606	600
807	834
371	303
801	826
398	338
802	787
285	270
741	772
769	806
903	943
563	579
477	509
492	404
918	981
548	455
521	455
991	998
599	671
414	346
822	796
357	326
960	953
406	476
818	748
248	334
179	274
268	276
300	304
769	783
200	121
403	387
720	709
99	67
187	258
640	575
569	651
533	556
285	355
794	702
657	639
57	83
162	84
431	369
867	777
899	957
862	779
813	838
620	637
373	273
164	95
829	770
980	926
487	516
319	308
397	388
292	320
244	306
439	339
552	499
520	476
493	561
68	59
906	848
107	61
129	126
231	139
70	75
774	772
673	581
590	636
572	632
452	367
626	595
891	813
427	437
210	192
848	894
898	894
240	169
750	723
687	703
254	204
852	907
292	366
455	391
63	113
68	5
511	431
792	694
508	523
350	352
658	697
320	271
845	746
784	816
655	703
166	262
394	330
213	295
437	478
155	120
577	515
46	71
924	890
28	83
526	529
839	807
320	251
455	421
64	39
664	642
678	608
716	780
445	399
888	862
855	861
305	267
46	6
512	501
933	917
796	830
145	224
103	70
479	537
972	1023
770	750
526	620
817	774
656	717
609	651
635	619
957	956
96	28
511	548
625	694
647	613
937	936
923	1013
850	932
163	184
679	696
537	525
318	395
610	618
814	873
771	849
601	652
934	890
173	208
719	641
694	606
411	494
347	314
839	780
69	120
936	1016
488	495
151	183
927	988
861	914
686	772
247	196
357	417
456	418
463	554
714	796
978	955
703	623
39	90
370	350
189	175
561	522
19	97
871	952
216	184
779	694
80	158
355	348
467	370
310	405
39	101
155	122
845	906
255	207
598	605
750	672
769	720
864	959
576	493
755	837
972	1043
728	641
225	238
135	69
340	341
586	507
323	290
384	414
751	847
205	140
991	1037
870	772
275	216
268	265
58	129
600	577
266	247
443	504
931	856
508	596
541	474
814	717
454	527
663	576
63	41
867	805
813	823
644	669
247	149
202	268
761	674
973	888
948	1000
885	956
650	726
248	218
675	688
622	627
131	209
948	997
294	224
873	786
284	270
548	552
404	332
479	496
520	596
358	380
952	941
401	343
184	157
673	763
317	225
865	929
347	275
104	175
814	736
140	52
980	887
958	907
175	229
279	315
836	866
842	870
351	381
414	379
959	938
31	126
317	224
46	69
661	666
294	371
800	877
20	8
782	695
856	887
223	267
805	890
113	186
990	1065
170	107
80	114
560	563
866	798
745	767
467	540
796	850
780	698
482	394
349	416
172	139
794	846
94	153
284	285
893	895
39	106
553	472
127	35
550	537
