90
180
532
602
506
581
520
570
468
431
606
494
499
529
502
588
436
457
558
532
548
522
491
506
479
573
573
518
569
460
467
588
467
429
598
443
544
416
427
544
587
481
442
562
596
490
493
426
526
446
578
490
597
610
463
524
426
499
532
615
417
513
608
459
563
549
499
539
532
569
467
498
454
413
454
433
567
600
594
462
481
417
529
483
443
507
413
417
551
489
483
1188
998	300
194	896
503	444
85	625
358	514
716	599
678	147
996	604
384	382
751	168
582	122
619	273
784	130
708	959
177	800
253	655
572	367
674	694
536	253
692	993
124	193
671	179
815	402
611	711
929	257
90	646
315	919
51	762
715	57
261	668
609	859
994	788
856	123
790	231
859	528
934	349
637	579
865	763
281	532
976	279
773	208
552	403
594	145
604	643
44	447
449	754
883	942
699	514
735	711
141	346
189	660
1000	821
114	278
98	49
558	25
159	621
828	267
599	415
116	41
470	372
272	714
648	433
87	768
125	90
842	588
142	153
247	505
190	425
370	980
175	235
385	298
424	169
262	779
506	697
651	542
121	221
490	52
864	120
379	217
69	659
261	753
794	266
935	847
213	296
677	916
425	258
384	462
368	242
915	399
190	931
40	48
326	653
348	733
938	41
976	866
893	183
549	214
207	269
935	399
898	156
1000	631
207	558
352	558
933	514
297	95
588	835
116	815
299	717
855	804
607	850
139	218
89	276
857	132
956	484
218	32
584	611
612	676
501	310
910	16
187	775
184	844
291	402
703	100
217	581
802	393
177	244
60	169
463	444
827	137
560	502
570	315
685	390
600	219
139	196
930	270
593	938
997	237
571	288
795	782
815	765
336	404
905	351
980	616
37	5
729	712
336	882
43	511
930	572
238	204
695	94
111	376
878	267
744	874
678	189
280	973
19	909
101	822
783	107
335	78
229	167
209	110
249	457
493	276
485	895
614	656
474	693
426	84
996	682
967	436
561	72
134	178
945	308
378	941
542	647
414	771
581	260
529	669
163	491
896	730
597	677
