90
180
459
594
426
508
527
556
451
573
443
478
477
531
537
551
523
597
421
432
465
422
530
565
417
594
549
512
488
433
415
562
482
515
503
449
498
475
461
480
508
408
453
443
530
541
489
437
484
416
471
416
543
471
562
545
408
519
450
523
601
502
512
488
570
504
473
405
473
598
553
438
511
458
474
425
559
560
583
409
480
475
581
476
436
496
559
528
519
501
491
1212
123	77
493	628
127	1000
409	392
629	580
448	973
855	876
844	428
940	636
741	477
709	868
887	78
715	336
532	992
889	602
364	45
320	268
942	988
123	641
183	784
646	52
678	917
694	787
131	37
482	573
366	818
589	793
303	981
615	545
557	103
246	167
93	181
545	335
181	121
460	693
817	239
612	248
26	445
669	40
935	399
219	620
279	250
958	399
192	87
31	611
106	322
675	54
784	851
465	637
669	708
631	750
736	181
379	586
152	845
66	75
553	642
328	603
480	627
103	933
815	491
784	567
888	496
654	512
973	237
39	534
146	245
626	644
981	306
829	410
902	989
651	645
873	934
159	345
344	389
708	652
220	490
893	68
87	595
280	260
21	956
915	243
609	652
803	589
637	813
29	223
499	172
525	973
644	946
22	294
595	634
997	122
253	884
394	2
935	169
876	98
96	664
81	979
262	433
355	275
345	871
906	457
439	275
658	203
434	551
389	594
81	40
810	225
417	209
150	114
86	427
686	674
162	521
438	582
771	211
695	238
583	385
540	8
468	298
211	184
642	125
578	86
982	945
420	921
245	272
328	379
441	697
173	877
870	118
825	589
867	731
955	92
734	761
933	933
626	361
88	611
251	316
137	770
821	499
724	408
888	851
931	469
174	123
492	442
785	625
310	998
828	857
827	695
812	679
220	447
263	936
635	260
190	972
432	572
391	279
79	272
231	456
145	913
733	505
190	649
161	104
773	436
907	573
368	518
600	253
535	998
875	382
778	683
101	213
86	350
652	908
374	569
87	104
22	6
887	530
616	323
12	964
357	988
920	214
262	810
771	865
