90
180
442
565
421
432
485
477
492
491
480
406
473
388
470
518
439
486
480
577
457
500
449
523
410
534
477
433
523
469
511
456
469
578
406
392
438
427
527
546
457
573
573
499
560
415
514
475
448
446
427
485
401
463
396
421
494
400
424
392
447
537
406
511
411
430
454
423
515
498
505
507
402
388
536
488
420
495
532
441
529
543
559
548
486
516
407
406
470
457
430
1560
951	447
219	18
651	509
764	356
692	896
880	130
989	183
634	513
562	446
896	65
503	745
261	305
877	557
134	69
289	549
456	479
932	739
897	925
726	967
992	314
699	653
474	455
729	746
475	378
806	247
535	911
699	673
531	775
860	664
200	607
787	126
62	394
227	723
814	953
739	95
878	882
715	23
674	591
935	524
901	481
940	152
392	84
187	994
197	260
729	676
192	8
143	419
514	151
113	310
993	840
249	523
416	294
27	639
181	164
565	429
115	109
115	400
17	823
757	324
820	225
158	402
449	323
206	242
922	812
982	302
112	98
501	620
625	709
868	717
108	877
458	108
117	870
25	585
123	449
134	782
763	757
301	1
878	141
807	308
300	371
612	385
316	549
524	722
444	448
17	360
149	979
361	178
168	909
546	185
326	57
767	458
663	640
368	755
32	367
488	673
929	516
977	297
414	867
241	437
956	526
431	794
492	28
521	528
418	225
795	33
477	55
845	942
68	890
61	830
728	218
468	56
37	861
452	964
440	196
202	109
306	119
279	593
897	899
288	780
61	514
319	81
128	931
373	331
477	380
240	979
592	222
877	219
765	720
549	131
390	62
791	817
504	99
204	686
627	469
568	295
307	168
681	169
255	182
247	457
710	213
81	74
656	145
555	120
408	28
170	197
365	3
182	146
752	35
25	425
564	4
55	168
546	508
38	488
538	919
934	887
285	886
45	875
464	909
223	760
256	722
431	148
295	634
409	648
284	886
720	210
963	239
312	1
70	13
548	816
964	494
821	927
929	589
763	494
58	673
179	571
643	360
828	854
608	348
238	147
218	77
