90
180
461
414
538
520
546
400
479
518
422
550
590
597
513
472
407
576
520
496
448
525
486
459
560
586
437
429
431
495
565
484
565
464
476
440
400
538
574
425
418
416
479
577
449
438
439
427
568
438
430
509
495
585
456
514
479
401
434
563
521
524
462
447
527
411
403
480
523
492
465
513
422
453
499
540
484
434
501
592
406
568
576
412
439
555
532
477
420
533
454
1689
849	812
815	767
741	802
159	224
747	756
646	566
929	959
519	537
587	640
720	745
707	638
762	838
672	617
10	92
186	108
384	441
269	334
870	912
282	381
384	371
451	392
763	689
668	732
345	399
490	400
625	527
324	332
457	520
961	890
952	939
323	365
969	872
329	257
56	141
203	241
382	399
434	447
588	616
631	536
190	167
110	57
269	222
770	755
166	79
998	917
191	106
993	1060
653	696
693	662
173	182
727	665
892	920
418	507
196	100
703	663
652	744
548	588
47	10
263	214
547	461
553	500
889	983
346	262
351	421
991	915
150	176
655	566
440	340
222	203
752	677
468	535
913	815
955	953
589	579
168	197
903	843
422	425
364	407
262	224
679	673
758	848
399	469
273	178
99	11
560	603
746	705
73	56
741	812
337	421
945	934
63	82
400	498
614	657
699	777
162	227
481	514
229	272
253	226
471	510
195	241
11	16
12	50
84	69
368	286
168	236
213	293
964	905
221	242
536	513
560	479
37	124
686	613
298	235
431	423
94	87
111	99
504	500
354	371
557	580
751	793
958	878
135	65
234	269
786	846
392	470
179	164
333	356
341	441
940	1013
322	329
755	738
55	146
715	715
830	895
781	690
949	893
995	1015
959	1018
851	841
24	101
316	271
820	764
816	798
367	450
933	961
395	490
454	387
16	25
268	280
743	788
100	14
982	1070
878	904
749	678
450	367
779	753
215	295
695	635
676	618
388	433
965	968
228	237
281	375
214	209
779	777
318	413
922	904
189	223
607	654
629	599
566	501
467	392
800	782
158	197
26	87
858	909
619	630
424	507
563	466
45	144
