150
300
431
534
577
590
547
588
582
538
431
545
594
594
549
497
452
575
432
549
423
549
581
482
442
468
442
526
478
486
428
504
549
587
428
423
528
450
529
583
450
401
572
527
468
430
456
510
536
455
473
552
490
519
518
483
451
466
458
535
584
411
439
597
427
459
476
558
504
477
449
448
403
552
575
565
488
461
550
548
491
489
481
532
481
573
509
582
454
476
530
459
456
517
473
518
428
442
447
587
456
576
488
519
457
472
464
482
470
589
414
587
412
519
490
586
539
439
424
524
481
428
597
418
486
517
449
531
544
448
534
516
520
499
409
413
460
409
414
598
518
471
504
449
493
455
521
401
522
532
543
1047
391	401
513	523
804	814
894	904
282	292
479	489
529	539
376	386
488	498
219	229
842	852
298	308
117	127
545	555
379	389
720	730
416	426
777	787
401	411
934	944
196	206
359	369
989	999
80	90
862	872
570	580
95	105
171	181
705	715
730	740
788	798
740	750
471	481
131	141
896	906
324	334
807	817
390	400
84	94
204	214
295	305
919	929
943	953
654	664
830	840
42	52
120	130
829	839
294	304
320	330
930	940
735	745
371	381
685	695
811	821
375	385
410	420
732	742
926	936
709	719
546	556
726	736
389	399
459	469
50	60
412	422
741	751
691	701
510	520
769	779
338	348
471	481
412	422
241	251
308	318
436	446
897	907
870	880
156	166
412	422
267	277
646	656
319	329
917	927
666	676
500	510
702	712
692	702
465	475
576	586
622	632
95	105
678	688
225	235
79	89
800	810
116	126
831	841
394	404
48	58
805	815
78	88
420	430
762	772
367	377
989	999
506	516
32	42
863	873
921	931
861	871
336	346
516	526
291	301
919	929
308	318
894	904
498	508
366	376
861	871
275	285
773	783
862	872
949	959
509	519
78	88
413	423
364	374
238	248
104	114
800	810
48	58
960	970
450	460
873	883
957	967
182	192
451	461
954	964
263	273
122	132
170	180
921	931
901	911
859	869
265	275
155	165
414	424
41	51
479	489
994	1004
681	691
574	584
182	192
917	927
637	647
473	483
46	56
193	203
958	968
285	295
545	555
497	507
990	1000
343	353
82	92
494	504
840	850
312	322
371	381
46	56
725	735
212	222
277	287
313	323
397	407
484	494
952	962
975	985
262	272
764	774
15	25
41	51
119	129
739	749
266	276
819	829
922	932
239	249
848	858
504	514
391	401
946	956
673	683
96	106
763	773
400	410
115	125
291	301
493	503
781	791
746	756
572	582
653	663
591	601
887	897
367	377
316	326
332	342
192	202
212	222
761	771
131	141
624	634
153	163
294	304
450	460
742	752
626	636
425	435
177	187
194	204
807	817
799	809
174	184
493	503
581	591
986	996
500	510
399	409
643	653
159	169
321	331
85	95
397	407
965	975
947	957
686	696
530	540
203	213
583	593
219	229
545	555
279	289
70	80
753	763
306	316
511	521
206	216
827	837
899	909
445	455
948	958
456	466
734	744
388	398
709	719
502	512
187	197
10	20
174	184
820	830
182	192
249	259
874	884
300	310
128	138
299	309
739	749
46	56
680	690
954	964
262	272
526	536
263	273
915	925
558	568
667	677
830	840
239	249
744	754
171	181
116	126
728	738
145	155
204	214
275	285
436	446
567	577
441	451
489	499
644	654
837	847
236	246
807	817
282	292
249	259
693	703
76	86
698	708
