75
225
782
739
633
677
750
711
898
890
847
691
882
726
703
864
851
858
853
732
640
812
688
878
622
623
826
627
780
778
823
718
852
888
827
714
620
658
773
663
739
742
805
762
629
666
687
645
651
683
726
832
838
788
872
602
689
862
637
685
897
623
712
628
685
611
678
670
869
634
869
646
727
785
730
708
1531
513	328
633	395
232	141
672	61
472	223
712	2
172	390
821	610
989	494
510	320
395	833
166	266
991	244
883	419
558	581
100	143
899	595
183	527
276	38
600	638
323	433
180	674
594	38
612	783
191	80
290	825
427	294
402	616
48	159
267	481
668	809
481	331
61	455
451	239
637	370
195	227
754	742
546	816
403	913
418	523
453	72
407	105
664	754
155	871
777	553
267	321
182	446
28	521
776	532
932	242
27	824
999	261
569	335
972	92
944	361
646	310
571	940
407	202
197	404
485	447
446	74
949	315
361	955
851	562
899	842
297	442
756	632
685	444
326	555
118	822
28	37
222	127
238	15
994	810
593	517
177	799
189	531
496	726
650	416
866	38
103	98
357	557
807	571
333	216
810	442
908	445
981	141
15	927
426	622
261	978
18	371
27	352
249	427
494	868
265	685
796	36
341	171
377	196
444	960
64	985
663	965
422	219
819	418
602	166
895	715
627	874
106	864
272	34
836	426
584	11
830	163
77	150
491	166
911	855
624	735
626	430
738	251
128	822
825	459
408	804
636	477
649	18
13	900
256	741
275	657
961	476
568	561
91	170
523	41
630	846
881	304
685	968
864	124
739	287
125	632
539	769
596	484
302	50
448	461
875	409
889	639
1000	239
181	672
738	929
308	990
682	904
61	692
529	752
772	105
223	997
69	82
941	493
629	473
720	265
701	845
881	173
80	588
304	859
931	295
956	995
807	365
335	583
802	698
342	667
358	105
943	458
775	800
338	143
819	179
423	545
618	356
904	907
42	185
759	554
611	78
378	368
108	445
207	89
99	203
15	340
606	500
406	828
751	90
264	160
228	962
149	120
417	144
158	521
418	965
581	354
615	445
324	624
227	206
225	983
527	93
328	434
355	59
445	84
117	496
963	184
793	879
929	879
937	907
858	128
496	696
266	716
654	901
954	538
242	552
548	176
201	874
775	44
590	781
220	322
482	947
467	359
714	913
131	61
607	652
767	111
781	74
606	680
271	725
348	623
321	779
