75
375
1160
1048
1404
1258
1116
1425
1351
1182
1462
1374
1309
1299
1395
1319
1461
1377
1003
1097
1125
1371
1050
1203
1047
1359
1396
1003
1149
1410
1123
1267
1415
1296
1009
1053
1145
1222
1054
1238
1293
1042
1038
1227
1265
1079
1229
1201
1219
998
1005
1309
1200
1358
1226
1336
1372
1404
1306
1104
1000
1053
1246
1151
1460
1136
1032
1090
1082
1169
1259
1050
1337
1278
1361
1054
1904
110	120
476	486
219	229
898	908
306	316
68	78
985	995
526	536
529	539
221	231
80	90
208	218
827	837
930	940
358	368
827	837
219	229
70	80
67	77
924	934
576	586
406	416
143	153
374	384
21	31
968	978
832	842
556	566
20	30
622	632
940	950
63	73
423	433
875	885
342	352
112	122
183	193
516	526
172	182
623	633
902	912
929	939
782	792
236	246
463	473
141	151
365	375
612	622
249	259
103	113
586	596
996	1006
409	419
18	28
329	339
891	901
455	465
372	382
547	557
733	743
841	851
886	896
469	479
302	312
44	54
780	790
873	883
211	221
148	158
346	356
636	646
18	28
207	217
26	36
751	761
739	749
358	368
925	935
419	429
540	550
375	385
445	455
624	634
784	794
596	606
719	729
232	242
625	635
787	797
87	97
40	50
907	917
847	857
862	872
17	27
104	114
114	124
797	807
984	994
964	974
429	439
587	597
340	350
62	72
335	345
686	696
241	251
287	297
567	577
541	551
625	635
368	378
599	609
297	307
857	867
702	712
161	171
354	364
508	518
781	791
318	328
495	505
542	552
820	830
671	681
300	310
732	742
533	543
552	562
771	781
873	883
456	466
99	109
918	928
586	596
26	36
968	978
367	377
533	543
396	406
188	198
970	980
589	599
678	688
562	572
941	951
807	817
470	480
473	483
366	376
131	141
478	488
32	42
954	964
275	285
187	197
54	64
306	316
615	625
632	642
783	793
383	393
442	452
900	910
642	652
518	528
130	140
929	939
300	310
395	405
626	636
163	173
466	476
655	665
282	292
635	645
530	540
655	665
886	896
37	47
24	34
646	656
614	624
655	665
550	560
857	867
206	216
138	148
819	829
499	509
680	690
939	949
990	1000
405	415
613	623
976	986
470	480
55	65
205	215
457	467
451	461
211	221
546	556
902	912
829	839
458	468
104	114
424	434
601	611
657	667
483	493
514	524
252	262
657	667
797	807
895	905
83	93
619	629
277	287
121	131
860	870
200	210
584	594
100	110
993	1003
650	660
101	111
453	463
274	284
694	704
296	306
160	170
808	818
279	289
217	227
64	74
870	880
871	881
820	830
925	935
382	392
345	355
802	812
462	472
46	56
356	366
941	951
619	629
573	583
820	830
397	407
872	882
542	552
150	160
346	356
303	313
248	258
37	47
753	763
457	467
912	922
326	336
383	393
428	438
784	794
107	117
391	401
548	558
411	421
41	51
649	659
740	750
107	117
78	88
44	54
595	605
181	191
393	403
808	818
135	145
690	700
821	831
244	254
318	328
73	83
531	541
350	360
529	539
889	899
427	437
26	36
490	500
366	376
180	190
938	948
367	377
290	300
95	105
796	806
397	407
237	247
381	391
223	233
353	363
767	777
247	257
207	217
134	144
868	878
661	671
395	405
381	391
595	605
210	220
584	594
715	725
878	888
301	311
354	364
715	725
719	729
677	687
562	572
225	235
747	757
991	1001
622	632
833	843
790	800
938	948
68	78
132	142
436	446
39	49
470	480
940	950
946	956
284	294
349	359
254	264
306	316
885	895
193	203
150	160
215	225
527	537
834	844
587	597
716	726
697	707
673	683
437	447
89	99
797	807
677	687
620	630
434	444
288	298
699	709
470	480
545	555
129	139
709	719
307	317
270	280
566	576
899	909
476	486
973	983
646	656
288	298
643	653
755	765
99	109
132	142
