75
375
1124
1109
1371
1139
1298
1314
1208
1012
1313
1365
1457
1160
1045
1365
1359
1115
1402
1006
1171
1056
1247
1081
1445
1241
1294
1225
1201
1114
1484
1057
1163
1168
1071
1043
1365
1254
1380
1120
1463
1248
1186
1215
1041
1071
1304
1035
1087
1008
1183
1252
1117
1475
1271
1157
1263
1176
1098
1036
1299
1456
1352
1359
1451
1488
1054
1381
1271
1421
1446
1220
1259
1428
1036
1363
2304
781	798
985	131
121	649
658	668
674	277
850	350
146	181
652	953
252	710
126	433
797	999
25	977
931	393
550	859
875	224
813	899
116	691
450	805
433	41
882	364
376	389
64	668
50	323
304	450
462	299
511	291
756	526
126	258
249	734
908	974
531	435
951	731
807	75
256	128
376	162
183	289
424	202
636	709
147	940
787	379
228	952
896	529
798	778
608	837
273	813
645	183
613	820
528	22
600	735
344	554
482	891
69	979
176	317
484	96
663	208
529	922
519	580
21	362
54	722
315	896
145	974
901	718
276	28
859	988
780	942
427	221
330	980
493	498
410	893
137	365
741	478
500	257
89	353
683	152
594	967
246	221
431	120
801	187
825	578
521	373
413	761
246	248
651	126
782	350
813	811
222	36
871	742
50	230
172	692
497	10
887	992
966	426
667	180
360	254
883	167
500	289
187	511
374	203
427	897
692	263
578	511
79	845
655	401
746	219
907	815
80	496
297	454
494	193
890	337
357	727
37	898
231	681
426	305
353	406
590	268
344	405
582	920
201	209
850	727
881	735
821	730
812	850
530	649
190	569
705	32
803	398
85	748
566	91
99	743
622	321
518	856
351	473
283	295
722	526
201	399
897	586
384	701
75	600
418	512
719	202
478	33
233	276
17	869
678	360
918	984
462	932
546	916
700	225
887	379
947	645
916	42
805	412
434	478
173	882
877	155
334	268
341	827
379	815
969	284
362	697
134	213
48	671
186	649
687	326
331	173
876	167
152	615
851	220
715	144
271	656
79	564
558	847
858	462
761	456
280	193
506	140
649	869
574	882
170	591
100	969
949	236
476	834
253	255
911	84
412	801
428	490
195	360
436	779
446	476
736	552
278	901
644	563
241	417
102	429
274	453
148	712
78	617
672	143
754	505
43	444
527	505
732	472
783	346
304	808
989	730
813	973
548	424
607	668
29	344
553	624
634	124
423	181
384	692
241	575
299	782
900	498
639	178
978	139
380	192
924	742
112	43
87	505
970	113
718	993
963	931
716	460
364	827
944	367
461	556
965	753
735	910
357	887
32	457
992	473
725	514
518	453
226	556
719	683
403	265
612	673
725	946
464	679
728	266
48	557
266	97
369	820
44	888
869	11
598	9
502	211
751	33
773	413
211	440
877	490
843	48
415	675
464	484
368	475
308	715
596	641
770	229
962	602
404	589
235	102
896	287
191	234
416	109
636	463
695	581
476	592
619	805
489	801
43	593
105	486
632	388
726	874
277	653
200	138
63	756
583	297
239	774
449	941
38	45
475	969
955	195
393	404
11	216
892	682
147	650
973	570
613	141
192	40
886	796
395	452
537	846
504	258
359	204
772	179
960	17
226	668
827	755
412	790
585	442
861	550
902	287
533	798
63	239
964	59
368	408
788	248
339	418
75	251
834	105
555	478
729	843
986	897
973	757
220	62
108	747
63	469
222	927
17	689
141	818
422	915
162	497
584	214
389	441
664	138
946	30
947	117
952	513
510	287
634	720
394	748
280	802
703	799
544	715
555	749
192	189
402	192
288	96
743	718
455	291
102	81
477	19
155	55
561	891
817	605
608	421
422	360
190	152
204	572
46	123
340	697
521	536
263	770
530	493
207	112
667	983
549	375
954	671
187	238
439	250
326	149
530	427
749	90
17	284
510	813
701	646
303	165
737	453
587	666
181	535
923	732
328	406
