150
300
558
442
500
481
593
597
548
583
492
488
619
606
650
640
635
527
495
464
502
467
485
587
471
551
524
526
484
567
567
443
548
454
598
608
553
471
580
594
523
559
561
504
563
554
472
614
617
566
458
444
637
568
600
549
584
451
463
478
456
481
561
539
622
574
551
566
480
507
582
532
512
562
586
545
527
581
511
499
469
447
590
614
505
560
515
531
448
592
559
589
463
507
435
561
499
597
466
548
609
624
434
627
462
466
452
473
443
610
524
544
479
553
555
620
461
626
496
540
633
506
639
453
572
604
482
438
548
454
492
482
452
499
622
462
482
548
577
491
517
632
474
583
439
582
556
456
475
587
587
1989
969	283
208	611
488	707
844	654
574	583
582	275
975	75
746	390
227	190
712	321
412	379
167	98
749	695
639	541
202	924
25	356
750	774
790	372
965	5
132	386
439	602
82	334
729	933
655	975
156	678
886	950
467	802
556	15
79	504
514	78
767	405
30	766
11	605
286	784
690	955
666	746
746	555
390	638
525	894
31	948
805	726
884	242
776	410
674	3
523	347
188	718
623	64
424	674
366	304
445	198
676	39
791	277
319	154
605	193
904	486
510	447
862	957
592	821
751	667
433	375
298	648
658	895
101	31
845	62
880	55
339	742
649	239
998	291
865	535
516	554
262	204
725	463
437	581
452	621
561	844
771	602
957	415
182	817
483	472
965	308
655	393
598	161
231	812
949	724
681	650
150	118
660	586
396	757
990	692
413	356
145	878
806	852
256	848
814	538
842	987
425	947
279	975
490	438
669	213
78	977
279	338
288	831
96	366
1000	480
184	507
922	585
268	282
549	757
407	194
18	356
16	986
945	748
634	577
776	405
197	172
957	609
273	560
227	876
233	553
472	176
807	362
935	644
340	230
175	806
751	590
773	183
385	307
248	870
658	327
661	671
656	383
243	109
778	164
684	589
524	123
483	622
320	713
104	182
729	706
755	254
926	60
674	937
521	64
56	401
837	473
969	923
680	48
574	892
95	46
892	315
190	555
756	753
982	831
362	390
515	128
480	446
998	212
722	156
488	871
205	125
768	150
48	625
850	869
656	838
848	294
839	173
334	67
187	201
784	950
369	541
530	950
487	725
76	541
557	615
183	545
501	755
345	847
705	322
330	518
153	219
811	579
813	132
704	377
482	990
727	580
206	681
381	366
92	827
672	433
321	403
331	941
782	162
880	173
361	333
100	173
810	236
232	695
738	702
950	710
666	609
127	426
581	708
568	766
496	184
705	318
647	223
432	885
983	915
749	85
964	594
113	513
442	552
514	784
970	709
426	490
595	705
645	472
717	758
174	351
950	925
175	589
749	19
747	935
82	277
802	202
927	513
822	185
795	223
453	647
573	753
300	413
221	390
207	661
267	813
291	752
804	801
374	918
338	47
381	156
860	672
75	723
282	347
662	110
739	2
860	667
958	512
518	910
457	401
938	219
435	403
594	107
433	796
109	632
741	412
57	116
444	684
936	967
482	431
810	408
105	336
199	350
200	212
798	151
266	705
435	328
145	135
725	590
244	54
145	717
677	993
465	351
753	362
903	375
632	109
165	6
803	65
997	86
833	388
624	574
820	895
358	453
602	626
888	578
546	416
745	435
483	447
942	132
898	681
959	507
334	806
369	730
746	494
993	620
996	889
306	820
27	561
751	482
666	339
261	183
822	114
