75
375
1173
986
1270
1378
1264
1419
1074
1085
1377
1111
1168
1007
1107
1038
1054
1096
1259
1126
1161
1108
1074
995
1342
1228
1274
1209
1104
1138
1392
998
1455
1136
1302
1385
1425
1423
1029
1197
985
1058
1180
1228
1450
1334
1442
1205
1062
1369
1002
1453
1296
1065
1173
1264
988
1078
1086
1092
1227
1395
1059
1065
1459
1416
1096
1033
1134
1224
1438
1267
1005
1003
1278
1118
3658
87	87
683	683
296	296
323	323
577	577
394	394
74	74
206	206
99	99
579	579
124	124
891	891
711	711
257	257
925	925
623	623
118	118
184	184
200	200
92	92
143	143
253	253
280	280
886	886
133	133
984	984
647	647
378	378
626	626
891	891
744	744
90	90
219	219
602	602
302	302
399	399
657	657
79	79
887	887
988	988
762	762
590	590
950	950
446	446
615	615
395	395
734	734
573	573
539	539
998	998
284	284
367	367
755	755
293	293
991	991
414	414
852	852
251	251
885	885
57	57
859	859
111	111
867	867
79	79
681	681
748	748
662	662
545	545
807	807
349	349
543	543
331	331
177	177
346	346
529	529
920	920
956	956
611	611
978	978
455	455
558	558
674	674
190	190
796	796
72	72
782	782
25	25
655	655
871	871
456	456
327	327
88	88
192	192
640	640
109	109
645	645
924	924
926	926
699	699
819	819
732	732
498	498
904	904
649	649
358	358
13	13
286	286
474	474
508	508
286	286
272	272
789	789
927	927
455	455
478	478
820	820
30	30
867	867
682	682
439	439
802	802
28	28
54	54
401	401
27	27
60	60
41	41
307	307
822	822
846	846
295	295
909	909
703	703
773	773
30	30
157	157
581	581
246	246
32	32
610	610
654	654
225	225
171	171
14	14
581	581
696	696
419	419
180	180
550	550
644	644
610	610
736	736
432	432
403	403
719	719
362	362
805	805
544	544
222	222
333	333
485	485
512	512
886	886
869	869
29	29
797	797
776	776
209	209
416	416
419	419
333	333
479	479
763	763
932	932
282	282
370	370
799	799
922	922
509	509
233	233
997	997
515	515
202	202
47	47
43	43
338	338
493	493
629	629
624	624
997	997
372	372
34	34
317	317
957	957
374	374
59	59
501	501
93	93
343	343
871	871
592	592
525	525
999	999
390	390
700	700
698	698
311	311
228	228
57	57
827	827
150	150
521	521
892	892
842	842
143	143
996	996
16	16
675	675
160	160
305	305
324	324
948	948
181	181
674	674
890	890
467	467
194	194
381	381
966	966
595	595
724	724
260	260
283	283
334	334
550	550
159	159
363	363
231	231
987	987
636	636
163	163
266	266
895	895
90	90
260	260
441	441
893	893
163	163
234	234
435	435
803	803
970	970
709	709
492	492
361	361
312	312
229	229
469	469
427	427
72	72
836	836
108	108
973	973
291	291
942	942
967	967
50	50
93	93
277	277
197	197
33	33
695	695
185	185
188	188
165	165
463	463
13	13
864	864
165	165
966	966
618	618
724	724
362	362
474	474
241	241
546	546
603	603
13	13
558	558
506	506
527	527
772	772
544	544
962	962
308	308
799	799
95	95
734	734
928	928
735	735
866	866
708	708
162	162
330	330
609	609
779	779
636	636
422	422
833	833
396	396
532	532
584	584
522	522
960	960
50	50
200	200
121	121
607	607
760	760
611	611
301	301
354	354
641	641
519	519
29	29
237	237
887	887
529	529
781	781
890	890
283	283
147	147
214	214
518	518
219	219
490	490
902	902
281	281
654	654
300	300
132	132
724	724
700	700
384	384
461	461
465	465
781	781
837	837
331	331
738	738
652	652
925	925
357	357
876	876
289	289
819	819
253	253
527	527
806	806
305	305
257	257
79	79
797	797
785	785
265	265
133	133
10	10
902	902
162	162
265	265
183	183
729	729
309	309
526	526
398	398
