90
180
485
437
521
604
432
434
616
481
567
458
622
514
612
600
465
599
521
476
510
444
624
483
632
552
488
488
474
498
480
562
606
537
567
506
423
486
444
459
551
485
569
550
586
527
495
616
511
573
594
464
447
632
485
433
476
590
600
572
593
555
436
459
475
571
540
575
506
501
451
510
543
473
423
499
448
555
551
621
585
452
520
529
515
538
607
606
457
566
481
1027
558	558
308	308
207	207
819	819
604	604
584	584
820	820
598	598
482	482
378	378
996	996
233	233
688	688
913	913
544	544
433	433
870	870
39	39
860	860
681	681
49	49
89	89
391	391
325	325
156	156
971	971
750	750
294	294
286	286
490	490
937	937
317	317
604	604
652	652
813	813
741	741
553	553
315	315
368	368
634	634
163	163
631	631
683	683
86	86
870	870
201	201
248	248
799	799
336	336
323	323
99	99
748	748
60	60
597	597
998	998
412	412
889	889
535	535
67	67
902	902
377	377
914	914
993	993
578	578
435	435
624	624
766	766
335	335
365	365
201	201
490	490
252	252
335	335
43	43
460	460
485	485
270	270
389	389
407	407
647	647
331	331
917	917
80	80
137	137
846	846
105	105
163	163
656	656
852	852
133	133
483	483
748	748
975	975
615	615
422	422
924	924
701	701
455	455
432	432
810	810
900	900
497	497
810	810
262	262
814	814
357	357
124	124
188	188
831	831
737	737
534	534
912	912
230	230
445	445
490	490
373	373
873	873
308	308
263	263
594	594
902	902
235	235
591	591
553	553
373	373
753	753
505	505
424	424
169	169
10	10
477	477
171	171
344	344
245	245
120	120
715	715
460	460
902	902
958	958
696	696
298	298
667	667
966	966
974	974
304	304
876	876
195	195
899	899
294	294
886	886
470	470
857	857
211	211
948	948
401	401
808	808
595	595
671	671
638	638
621	621
876	876
643	643
210	210
29	29
876	876
692	692
87	87
969	969
539	539
645	645
515	515
303	303
880	880
496	496
822	822
380	380
130	130
901	901
668	668
729	729
