150
300
415
471
452
476
421
526
427
596
485
559
417
538
403
482
601
488
572
583
467
438
473
571
496
409
430
489
558
513
421
531
491
464
470
529
532
492
498
451
499
443
586
542
414
434
446
556
549
402
487
453
553
532
480
403
517
587
439
535
437
592
468
602
454
566
565
433
407
568
447
543
442
513
525
574
419
431
594
511
490
465
564
567
510
413
449
523
541
572
575
528
488
440
453
404
506
497
452
455
579
545
529
404
431
433
529
500
461
411
552
569
486
443
472
469
432
573
496
544
470
404
474
491
429
502
452
497
541
525
511
424
529
539
510
462
504
445
456
497
527
545
547
403
471
490
496
464
580
570
449
1919
647	882
594	722
115	323
847	231
439	425
862	154
359	795
96	265
465	721
424	389
213	214
257	659
248	754
457	59
729	91
864	824
684	702
368	559
160	288
60	27
558	210
956	936
116	532
909	903
182	72
947	10
494	795
884	737
954	16
480	755
873	934
423	856
78	946
23	543
795	488
998	348
756	390
957	789
235	281
732	708
832	861
592	847
344	183
462	143
602	637
471	550
24	824
934	252
254	640
344	363
830	625
214	986
203	782
387	351
112	171
666	217
847	727
192	916
934	353
16	422
920	129
664	330
269	83
444	987
618	736
168	667
759	486
967	4
216	897
385	151
694	873
659	771
611	166
880	121
829	129
214	622
633	5
596	800
427	270
733	236
481	345
939	383
514	396
404	667
93	711
11	373
323	907
294	453
474	906
56	22
405	576
498	526
675	168
235	784
604	794
312	680
440	275
173	630
525	461
331	512
227	825
803	17
142	802
48	310
951	68
373	226
338	141
148	656
826	450
573	761
608	837
499	271
860	726
574	810
855	632
406	808
843	302
563	970
606	165
99	125
607	771
879	998
941	512
257	266
39	380
190	29
680	433
399	161
293	667
445	49
83	405
121	566
483	134
302	242
812	148
525	955
947	455
857	722
974	689
566	117
145	181
673	538
756	390
934	5
291	385
47	988
191	53
655	529
430	473
464	959
225	984
51	824
407	97
748	902
816	521
783	473
30	933
999	825
88	58
810	733
398	168
129	691
878	927
45	480
280	704
540	834
121	911
277	28
755	528
427	394
350	864
187	566
861	252
571	82
595	104
422	239
251	465
620	573
294	923
991	868
459	299
578	235
94	20
587	63
493	812
992	406
945	652
995	899
470	843
749	85
734	501
64	156
513	651
752	940
56	18
77	949
499	496
663	649
235	172
996	696
332	638
803	801
633	135
173	178
948	642
539	497
379	538
723	852
760	566
119	446
427	195
662	179
890	929
251	150
402	313
492	200
953	693
561	796
786	568
402	377
391	743
902	104
32	48
182	966
795	138
467	332
52	54
850	53
305	157
216	696
749	930
741	279
31	753
144	959
428	55
234	209
891	172
319	504
692	175
90	108
323	600
798	262
316	436
565	733
356	668
413	368
80	55
267	213
358	130
848	978
134	13
895	890
543	648
408	490
945	837
676	388
75	504
672	483
857	28
488	953
578	647
328	598
663	33
274	946
666	225
172	196
912	633
605	603
514	283
179	438
798	36
216	655
878	400
612	133
216	294
79	650
798	205
475	706
374	751
808	229
777	669
867	775
365	652
65	38
24	190
790	75
886	851
592	261
491	234
512	162
80	547
549	264
615	847
675	595
624	946
629	247
610	255
35	761
623	420
997	617
