90
180
554
501
397
490
403
393
445
406
420
475
466
448
428
505
528
510
437
414
494
486
547
445
428
395
560
476
506
432
535
473
582
515
509
439
574
415
396
573
492
424
545
540
475
448
472
471
469
396
555
469
559
392
415
402
446
504
434
392
469
482
486
548
517
459
546
500
567
530
514
441
554
482
536
511
466
426
394
556
392
540
409
565
499
541
432
539
551
430
465
1451
71	81
585	595
360	370
113	123
666	676
580	590
432	442
903	913
980	990
534	544
864	874
671	681
277	287
964	974
160	170
279	289
73	83
415	425
957	967
657	667
608	618
276	286
717	727
563	573
582	592
325	335
337	347
447	457
276	286
242	252
670	680
638	648
64	74
41	51
45	55
84	94
289	299
182	192
850	860
577	587
944	954
356	366
316	326
775	785
733	743
520	530
26	36
440	450
426	436
326	336
13	23
248	258
116	126
357	367
943	953
309	319
49	59
370	380
21	31
131	141
239	249
982	992
774	784
344	354
213	223
517	527
709	719
775	785
985	995
994	1004
326	336
27	37
759	769
537	547
626	636
907	917
242	252
877	887
574	584
261	271
643	653
951	961
437	447
709	719
839	849
233	243
113	123
178	188
967	977
67	77
436	446
420	430
829	839
906	916
70	80
483	493
880	890
1000	1010
117	127
103	113
90	100
443	453
901	911
267	277
741	751
579	589
838	848
297	307
126	136
246	256
302	312
816	826
274	284
267	277
509	519
867	877
426	436
288	298
249	259
374	384
269	279
91	101
679	689
130	140
247	257
784	794
474	484
657	667
609	619
370	380
363	373
969	979
454	464
943	953
615	625
694	704
256	266
415	425
297	307
121	131
486	496
902	912
515	525
239	249
886	896
644	654
255	265
435	445
125	135
938	948
368	378
280	290
804	814
753	763
469	479
685	695
295	305
364	374
828	838
639	649
952	962
718	728
71	81
763	773
668	678
911	921
256	266
676	686
878	888
472	482
822	832
138	148
796	806
326	336
565	575
68	78
247	257
122	132
862	872
816	826
